# GENERATOR ObjectTrackingRegression
# F TP TN FP FN Overlap
cliffbar 0.370 0015 0000 0001 0050 0.603
coke11 0.239 0008 0000 0000 0051 0.705
david 0.512 0032 0000 0000 0061 0.745
dollar 1.000 0066 0000 0000 0000 0.844
faceocc 0.793 0117 0000 0000 0061 0.777
faceocc2 0.624 0074 0000 0000 0089 0.790
girl 0.058 0003 0000 0000 0098 0.801
surfer 0.123 0005 0000 0000 0071 0.637
sylv 0.561 0105 0000 0000 0164 0.639
tiger1 0.081 0003 0000 0000 0068 0.823
tiger2 0.198 0008 0000 0000 0065 0.722
twinings 0.657 0046 0000 0001 0047 0.603
