# GENERATOR ObjectTrackingRegression
# F TP TN FP FN Overlap
01_david 0.274 0121 0000 0616 0024 0.257
02_jumping 0.997 0311 0000 0001 0001 0.621
03_pedestrian1 0.848 0103 0000 0001 0036 0.448
04_pedestrian2 0.425 0087 0016 0089 0146 0.713
05_pedestrian3 0.937 0149 0015 0015 0005 0.792
06_car 0.947 0817 0036 0054 0038 0.769
07_motocross 0.636 0906 0721 0940 0098 0.448
08_volkswagen 0.879 4503 2839 1207 0027 0.586
09_carchase 0.598 3851 0908 1566 3603 0.553
10_panda 0.326 0584 0000 2270 0146 0.255
