# GENERATOR ObjectTrackingRegression
# F TP TN FP FN Overlap
01_david 0.003 0001 0000 0001 0759 0.912
02_jumping 0.062 0010 0000 0001 0302 0.874
03_pedestrian1 0.133 0010 0000 0019 0111 0.356
04_pedestrian2 0.079 0011 0072 0001 0254 0.520
05_pedestrian3 0.276 0025 0028 0001 0130 0.803
06_car 0.373 0197 0085 0001 0662 0.899
07_motocross 0.007 0005 1253 0001 1406 0.744
08_volkswagen 0.084 0225 3435 0018 4898 0.376
09_carchase 0.015 0066 1268 0001 8593 0.873
10_panda 0.037 0051 0270 0001 2678 0.768
