# GENERATOR ObjectTrackingRegression
# F TP TN FP FN Overlap
cliffbar 0.935 0058 0000 0007 0001 0.551
coke11 0.384 0014 0000 0045 0000 0.280
david 0.967 0087 0000 0006 0000 0.505
dollar 1.000 0066 0000 0000 0000 0.895
faceocc 0.997 0177 0000 0000 0001 0.823
faceocc2 0.984 0158 0000 0005 0000 0.690
girl 0.303 0018 0000 0050 0033 0.278
surfer 0.993 0075 0000 0001 0000 0.681
sylv 0.939 0238 0000 0031 0000 0.621
tiger1 0.268 0011 0000 0055 0005 0.334
tiger2 0.525 0026 0000 0042 0005 0.283
twinings 0.738 0055 0000 0039 0000 0.411
