# GENERATOR DetectDescribeRegression
# Elapsed time in milliseconds

BoofSURF-Fast
                              N       Mean      P05      P50      P95      MAX
  bikes/                        6  111.143  76.6782  104.607  128.325  161.298
  boat/                         6   105.25  90.8188  95.4092  120.837  120.856
  graf/                         6  105.351  96.9261  104.859  108.385  115.954
  leuven/                       6  86.1508  72.6687  83.2042  93.4373  102.016
  ubc/                          6  95.3997  82.2935  97.8636  99.8872   101.22
  trees/                        6  139.218   118.12  137.741  146.713  151.327
  wall/                         6  132.283  125.114  128.259  131.296   152.25
  bark/                         6  77.6317  74.5013  74.7988  80.9366  81.4751

BoofSURF-Fast_Color
                              N       Mean      P05      P50      P95      MAX
  bikes/                        6  170.254  113.286  163.477   192.55  238.561
  boat/                         6  104.597  92.1696  96.4775   115.07  120.603
  graf/                         6  204.189  187.776  206.729  211.276  217.039
  leuven/                       6  157.017  123.696  149.068  176.217   196.65
  ubc/                          6  184.605  150.478  189.764  197.975   200.85
  trees/                        6   276.23  222.978  272.884  296.455  306.722
  wall/                         6   260.84  245.172   251.78  256.642  304.531
  bark/                         6  148.635  140.562  142.275  156.408  158.169

BoofSURF-Stable
                              N       Mean      P05      P50      P95      MAX
  bikes/                        6  210.387  135.759  217.421  235.795  299.583
  boat/                         6  248.088  206.199  217.938  281.699  303.633
  graf/                         6  260.292  239.837  261.062  271.895  273.844
  leuven/                       6  196.215    150.3  184.876  222.387  250.132
  ubc/                          6  237.104  187.038  243.433  255.457  259.753
  trees/                        6  357.089  280.635  351.244  386.137  400.601
  wall/                         6  342.646  324.713  330.465  337.243  401.184
  bark/                         6  193.068  182.477  183.289  203.336  207.059

BoofSURF-Stable_Color
                              N       Mean      P05      P50      P95      MAX
  bikes/                        6  308.859  184.903  278.758  362.345  466.601
  boat/                         6  247.591  205.685  217.814  280.052  302.656
  graf/                         6  404.932  370.025  407.446   422.57  429.441
  leuven/                       6   300.79  224.986  282.549  344.663  389.553
  ubc/                          6  364.105  280.011  373.405   395.32  405.501
  trees/                        6  555.857  433.554   546.29  600.896  628.559
  wall/                         6   532.64  502.092  513.728  522.321  627.385
  bark/                         6  298.237   281.16   282.19  315.466  319.621

BoofSIFT
                              N       Mean      P05      P50      P95      MAX
  bikes/                        6  284.625    232.6  269.298  275.537  398.301
  boat/                         6   265.41  255.695  264.831  271.693  277.052
  graf/                         6  177.419  165.781  177.531   180.29  184.966
  leuven/                       6  200.805  195.973  200.515  203.249  206.057
  ubc/                          6  240.359  215.642  243.703  246.718  248.639
  trees/                        6   338.53  305.724  341.333   349.24  350.729
  wall/                         6  346.007  328.687  345.646  349.265  363.811
  bark/                         6   216.54  207.614  215.582  218.801  229.677


Summary:
                              N       Mean      P05      P50      P95      MAX
  BoofSURF-Fast                48  106.553  74.7872   101.22  146.713  161.298
  BoofSURF-Fast_Color          48  188.296  96.4775  187.776  288.773  306.722
  BoofSURF-Stable              48  255.611  155.045  248.579  375.016  401.184
  BoofSURF-Stable_Color        48  376.626  212.614  362.345  585.111  628.559
  BoofSIFT                     48  258.712  177.531  246.718  349.265  398.301
