# GENERATOR FitPolylineRegression
# Elapsed time in milliseconds

SplitMerge_Global
                              N       Mean      P05      P50      P95      MAX
  border01                      7  3.67343  .524097  1.12722  9.11359  10.6755
  border02                      4  1.34367  .932476  1.21304  1.49653  1.73264
  concave                       8  1.33664  .561978  .865249  1.28477  4.24488
  quadrilaterals01              7  1.40241  .843418  1.20717   1.7132  2.65879
  set01                         9  .368564  .160081  .218331  .687785   1.0212
  set02                         9  .315451  .209114   .26041  .449798  .450529
  set03                         9  .444271  .327787  .416675  .560636   .58429
  set04                        10  .101615  .068139  .092865  .139493  .150353

SplitMerge_Local
                              N       Mean      P05      P50      P95      MAX
  border01                      7  10.9307  1.59089   12.962  13.6264  15.9124
  border02                      4  7.71753   3.5659  7.14548   7.8813  12.2774
  concave                       8   4.3789  2.99275   3.6588   5.4525   6.6604
  quadrilaterals01              7  1.75715  1.06731  1.60418  2.09446  2.80515
  set01                         9  3.14049   2.4222  2.69014  4.18668  4.82472
  set02                         9  1.77357  1.25925  1.59674  2.35594  2.40384
  set03                         9  1.31632  1.05749  1.32645  1.42396  1.58466
  set04                        10  .371796  .258607   .34502  .457311  .485704

SplitMergeOld_Global
                              N       Mean      P05      P50      P95      MAX
  border01                      7  7.22364  .885227  2.14101  16.7213  24.3027
  border02                      4  1.86547  1.36919   1.6602  1.71917  2.71332
  concave                       8    3.387  .859819  2.12751  6.00903  7.50871
  quadrilaterals01              7  3.00355  1.43505  2.12006   3.9517  7.52289
  set01                         9  3.08861   .71722   .95594  8.98994  9.18476
  set02                         9  2.19728  .328518  .924701  2.95864  10.5195
  set03                         9   1.2733  .472861  1.00783  1.62481  3.58697
  set04                        10  .390636  .276461  .338207  .522013  .529467

SplitMergeOld_Local
                              N       Mean      P05      P50      P95      MAX
  border01                      7  36.4972  4.53382  42.4379  53.8742  55.3326
  border02                      4  17.1761  12.1712  18.4628  18.5183  19.5523
  concave                       8  7.51808   5.7574  7.06396  8.31641  10.7919
  quadrilaterals01              7   17.128  2.15384  10.1741  18.9354  70.8157
  set01                         9  80.8926  19.3295  55.4353  152.925  169.139
  set02                         9  10.9859  4.48508  9.08334   15.669    27.97
  set03                         9  13.0806  5.72494  12.8529  20.5727  23.2088
  set04                        10  2.41124  1.13045  2.20945  3.26658  3.75114

Summary:
                              N       Mean      P05      P50      P95      MAX
  SplitMerge_Global            63   .99634  .092094  .450529  2.31114  10.6755
  SplitMerge_Local             63  3.40488  .338618  2.09446  12.8428  15.9124
  SplitMergeOld_Global         63  2.68393  .328518  1.43505  8.98994  24.3027
  SplitMergeOld_Local          63  23.3805  2.12273  9.94633  70.8157  169.139
