# GENERATOR DetectDescribeRegression
# Elapsed time in milliseconds

BoofSURF-Fast
                              N       Mean      P05      P50      P95      MAX
  bikes/                        6  76.7388  49.3189  66.0237  82.7242  129.825
  boat/                         6  66.4749  57.3738  60.6898   74.657   77.081
  graf/                         6  65.7327  60.5065  64.9028  67.8554  72.2311
  leuven/                       6  54.0914  45.9087  51.9684  58.6181  63.4134
  ubc/                          6  59.1788  51.2083  59.3124   61.925  62.4157
  trees/                        6  86.0958  73.3186  86.1577  90.4192  92.8011
  wall/                         6   81.328  77.2498  78.1314   82.129  94.3618
  bark/                         6  47.6825   45.654  45.8532  49.5173  49.8044

BoofSURF-Fast_Color
                              N       Mean      P05      P50      P95      MAX
  bikes/                        6  108.208  73.2377  100.446  119.454  147.702
  boat/                         6  66.7964  59.1594  64.3268  71.8046   75.133
  graf/                         6  125.489  116.525  124.202  129.673  133.022
  leuven/                       6  99.4107  82.0358   95.463  109.562  122.301
  ubc/                          6  113.208  93.6458  114.825  119.261  121.902
  trees/                        6  169.988  138.605  168.809  181.988  187.259
  wall/                         6  159.758  149.524  152.979  160.457  187.687
  bark/                         6  91.7227  86.3863  88.5121    96.69   97.185

BoofSURF-Stable
                              N       Mean      P05      P50      P95      MAX
  bikes/                        6  166.462  94.7255  167.501  184.205  241.047
  boat/                         6  196.178  160.712  172.599  221.547  240.909
  graf/                         6  207.388  189.269  209.341  216.295  219.004
  leuven/                       6  153.916   115.59  143.464  173.492  195.943
  ubc/                          6  188.753  147.727  194.034  202.421  207.313
  trees/                        6  285.622  221.866  280.184  308.225  327.634
  wall/                         6  273.721  258.437  264.517  267.155  322.041
  bark/                         6  154.526  145.462   146.39  163.978  165.588

BoofSURF-Stable_Color
                              N       Mean      P05      P50      P95      MAX
  bikes/                        6  213.534  125.421  185.905   249.28  325.476
  boat/                         6  194.314  157.339  176.895  217.928  235.242
  graf/                         6  284.563  257.922  283.912  299.353  299.433
  leuven/                       6  210.169  156.354  195.218   240.89  274.179
  ubc/                          6  253.472  190.414  260.061   277.19  282.374
  trees/                        6  389.444  303.398  382.312  421.671  440.929
  wall/                         6  370.872  350.457  358.107  365.364  438.677
  bark/                         6  211.897  198.586  203.372  223.922   226.91

BoofSIFT
                              N       Mean      P05      P50      P95      MAX
  bikes/                        6  209.439  170.159  193.988  200.798  301.122
  boat/                         6  175.854  168.848  173.454  180.065  186.826
  graf/                         6  125.693  117.297  125.475  126.737  133.554
  leuven/                       6  140.904  137.385  140.369  143.935  145.316
  ubc/                          6   168.93  150.506  171.238  173.654  174.383
  trees/                        6  238.479  217.517  242.015  243.653  244.307
  wall/                         6  235.924  230.312  231.022  233.419  258.474
  bark/                         6  152.978  145.759  151.835   155.16  161.057


Summary:
                              N       Mean      P05      P50      P95      MAX
  BoofSURF-Fast                48  67.1654  45.8532  63.4134  90.4192  129.825
  BoofSURF-Fast_Color          48  116.823  64.3268  114.825  176.257  187.687
  BoofSURF-Stable              48  203.321  130.068  195.943  298.048  327.634
  BoofSURF-Stable_Color        48  266.033  157.339   249.28  409.894  440.929
  BoofSIFT                     48  181.025  125.475  171.238  243.653  301.122
