# GENERATOR FitPolylineRegression
# Elapsed time in milliseconds

SplitMerge_Global
                              N       Mean      P05      P50      P95      MAX
  border01                      7  4.56017  .941528   1.2492  9.73812  15.1761
  border02                      4  2.66941  2.15229  2.16124  2.65188  3.71222
  concave                       8  3.13466  1.33144  2.24535  2.95279  9.45943
  quadrilaterals01              7  2.37606  1.67428  2.30936  3.00374  3.14243
  set01                         9  .703614  .292233  .379988  1.19633  2.09193
  set02                         9  .649636  .452401  .550057  .884167  .895695
  set03                         9  .864988  .731731  .851328  .998561   1.0318
  set04                        10  .154606  .110447  .148795  .203589    .2056

SplitMerge_Local
                              N       Mean      P05      P50      P95      MAX
  border01                      7  20.8821  2.96356  24.5335  26.1644  31.0544
  border02                      4  16.0309  11.7393  12.8063  16.5165  23.0613
  concave                       8  9.40523  6.15388  8.26464    12.89  13.0794
  quadrilaterals01              7  2.94752  1.79777  2.85814  3.47922  4.28502
  set01                         9  5.27392  4.03663  4.58347  7.27071  8.12257
  set02                         9  2.80656  1.88737  2.80743  3.47298  4.04019
  set03                         9  2.09827  1.48948  2.20496  2.43831  2.50084
  set04                        10  .570409  .404713  .567058  .640894  .668719

SplitMergeOld_Global
                              N       Mean      P05      P50      P95      MAX
  border01                      7  12.3492  1.81422  4.35051  17.8487  48.9886
  border02                      4  5.69261  3.34172  5.09343  6.44553  7.88976
  concave                       8  9.36079  1.74498  5.04101  14.0233  27.2222
  quadrilaterals01              7  7.42795  2.43473  3.91178  9.70395  24.9263
  set01                         9  9.61238  .958991  2.68501  25.3897  36.4624
  set02                         9   6.0867  .507862  1.50954  14.2834  32.5049
  set03                         9  3.20469  .692524  1.80085  5.70628  8.08024
  set04                        10  1.03357  .678116  .849493  1.52007  1.53256

SplitMergeOld_Local
                              N       Mean      P05      P50      P95      MAX
  border01                      7  92.5435  14.9496  116.445  130.241  141.234
  border02                      4  60.2116  35.3882  56.4249  69.8373  79.1959
  concave                       8  23.2992  13.7774  15.9365  38.1641  40.5556
  quadrilaterals01              7  48.3776  5.82118  15.2742  45.8116  217.889
  set01                         9  241.767  79.2252  157.297  400.358  564.418
  set02                         9  34.4485  12.8489  25.6975   49.219  85.1581
  set03                         9  38.1582  19.3684  39.0685  54.5167  62.6632
  set04                        10  11.8518   7.4267  10.4195  13.3852  21.6196

Summary:
                              N       Mean      P05      P50      P95      MAX
  SplitMerge_Global            63  1.67966  .139571  .895695  3.14243  15.1761
  SplitMerge_Local             63  6.40454  .564385  3.26434  24.0755  31.0544
  SplitMergeOld_Global         63  6.61217  .678116  2.68501  25.3897  48.9886
  SplitMergeOld_Local          63  69.2313  8.16869  35.3882  217.889  564.418
