# GENERATOR FiducialRegression
# Elapsed time in milliseconds

BinaryRobust
                              N       Mean      P05      P50      P95      MAX
  distance_angle               10  15.2669  6.95147  10.0295   16.399  55.1771
  distance_straight            10  6.71504   5.2178  6.37654  8.20728  8.88313
  motion_blur                   9  7.60622  4.61599  7.67606  8.99441  10.4804
  rotation                     12  8.26062  5.34285  7.58229  9.58027   16.354
  static_front_close          101  2.28939  2.15314  2.26098  2.48187  3.86901
  static_front_far            100  1.42908  1.29556  1.42575  1.60183  1.71853
  static_scene                101  2.89689  2.75751   2.8724  3.14727  3.64348
  set01                       373  1.65279  1.27302  1.62378  2.04394  2.95404

BinaryFast
                              N       Mean      P05      P50      P95      MAX
  distance_angle               10  1.44661  .928731  1.35363  1.69852  2.23428
  distance_straight            10  1.46401  1.14638  1.36154  1.69356  1.79659
  motion_blur                   9  2.41555    1.651  2.37295  3.20974  3.36278
  rotation                     12  1.03243  .659533  1.09604  1.34671  1.38199
  static_front_close          101   .42303   .41394  .418809  .430912  .591475
  static_front_far            100  .459715  .436442  .457442  .479143    .6367
  static_scene                101  1.67556   1.5438  1.66187  1.91524  2.07736
  set01                       373  .865696  .544416  .852176  1.22122  1.62522

ImageRobust
                              N       Mean      P05      P50      P95      MAX
  distance_angle                9  6.48913    5.226  6.36883   7.1423  8.60048
  distance_straight             9  5.29266  3.85927  4.84053  6.76435  7.13262
  hard                         11  11.2691  5.28478  12.8988  15.6307  15.9698
  motion_blur                   8  4.48825  2.19285  4.65388  5.68264  6.37535
  rotation                     13  6.98469   4.8034  6.95623  7.81435   10.953
  static_front_close          193  2.03157   1.9571  2.02294  2.09699  3.33821
  static_front_far            100  2.15826  1.84449  2.14753  2.42774  2.72976
  static_scene                308  4.50661   4.2257  4.50839  4.76764  4.95856
  set01                       411  2.20113  1.59718  2.22346  2.70231  3.14934

ImageFast
                              N       Mean      P05      P50      P95      MAX
  distance_angle                9  1.73517  1.34529  1.72858  1.96902  2.00018
  distance_straight             9  1.28792  .936075  1.12144  1.64873  2.01425
  hard                         11  5.09707  3.65873  4.80977   6.6784  6.80625
  motion_blur                   8  2.85695  2.49459  2.76387  3.01728  3.67476
  rotation                     13  1.05652  .855002  1.09731  1.18271  1.39821
  static_front_close          193  .545253  .528015  .543273  .569534  .620719
  static_front_far            100  .863558   .75354  .857226  1.00959  1.44103
  static_scene                308  3.31208  3.07721  3.30944  3.53012  4.10907
  set01                       411    1.269  .931536  1.25033  1.65579  1.95992

Hamming
                              N       Mean      P05      P50      P95      MAX
  distance_angle               16  13.2053  7.59728  9.86415  14.4326  51.9905
  distance_straight            15  10.4987  7.68331  10.0468  13.9263  16.6743
  highres                       5  434.521  366.159  406.591  467.921  533.563
  rotation_y                   17  9.45569  6.97468  9.83569  11.7372  12.4202
  rotation_z                   14  10.4013  9.01276  10.1998  11.7933  12.5137
  shadows                      17  5.64519  3.49243  5.53743  8.10466  8.35069
  angle                       277  12.3468  10.8711  12.3695  13.6834  14.8537
  front                       273  12.4815  10.9762  12.3866  14.1509  18.1698
  set_01                      335  8.19505  5.92074  8.31082  10.2056  11.7674

ChessboardBinary
                              N       Mean      P05      P50      P95      MAX
  distance_angle                6  12.7833  5.51935  6.02011  18.1909  35.1839
  distance_straight             8   5.4545  4.66485  5.39458  6.00119  6.15517
  distant                       7  10.8233  7.62362  11.5521  11.9959  15.2304
  motion_blur                  13  3.82044   3.0171  3.90022  4.22672  4.29181
  rotation_flat                12  11.1263  8.88289   10.464  13.5529  15.9157
  rotation_vertical             7  4.79432  4.29417  4.65326  5.42734  5.62785
  shadow                       15  10.6314  5.43133  9.67297  15.9985  17.6071
  front_close                 201  4.20149  3.88534  4.18699  4.57478  5.26389
  front_far                   201   4.1374  3.87635  4.12662  4.48365  4.74994
  set01                       959  3.46936  2.93426  3.50589  3.96631  6.14967

ChessboardXCorner
                              N       Mean      P05      P50      P95      MAX
  distance_angle                6  24.1795  12.8714  13.5388  24.0243  66.5542
  distance_straight             8  11.1789  9.68045  11.3525  11.7584  12.5768
  distant                       7  16.5026  13.9181  15.0708  17.3566  22.0873
  motion_blur                  13  5.71767  5.46163  5.64789  6.01508  6.64292
  rotation_flat                12  14.5772  13.2792  14.4893  15.1169  16.7019
  rotation_vertical             7  9.78163  9.34984  9.59727  10.0687  10.7027
  shadow                       15  13.6449  7.66801  13.8031   19.962  20.8654
  front_close                 201  6.37689  6.16248  6.35177  6.64726  7.43945
  front_far                   201  6.92267  6.74122  6.91539  7.10013  7.76168
  set01                       959  5.85381  5.50437  5.77664   6.3706  8.16615

SquareGrid
                              N       Mean      P05      P50      P95      MAX
  distance_angle                6  5.25673  3.52471  3.84478  6.25168  10.1166
  distance_straight             7  2.83801  2.38919  2.74063  3.28638   3.5246
  distant                       7  6.51247  4.34005  6.35377  7.74852  9.00013
  motion_blur                   8  1.44758   1.3042  1.46172  1.50094  1.52117
  rotation                      7  2.46063  2.35788  2.42853  2.54428  2.65636
  front_close                 200  2.48887  2.24655  2.48081  2.72672  3.03429
  front_far                   200  3.43035  2.88878  3.44109   3.9921  4.45924
  set0                        368  1.32075  1.14908  1.31931  1.50024  1.77533

CircleHexagonal
                              N       Mean      P05      P50      P95      MAX
  distance_angle               11  8.48951  6.33493  6.99745  8.91337   21.508
  distance_straight            12  5.24224  4.38729  5.18534  5.77356  5.96881
  motion_blur                  13  2.18313  1.25453  2.25566   2.5707   3.0392
  rotation                      9  4.76116  4.37386  4.82044  4.95217  5.17012
  angled_5x6                   52  5.53547  5.13542  5.49123  5.90412  6.06635
  front_close_24x28            45  24.6218  23.4813  24.2805  27.4252  28.4014
  front_close_5x6              47  2.78469  2.65955  2.78691  2.90153  2.97419
  front_far_5x6                55  4.82822  4.40315    4.823  5.22606  5.29979
  24x28_hard                   14   16.656    4.666    16.64   20.295  24.0702
  24x28_set0                   59  19.9159  19.5184  19.8383  20.6764  20.9144
  5x6_hard                      2  2.79094  2.62925  2.62925  2.62925  2.95263
  5x6_set0                     68  4.38772  3.17417  3.96326  6.82659   7.3427

CircleRegular
                              N       Mean      P05      P50      P95      MAX
  distance_angle               12  4.04324   3.2023   4.0309  4.58375  4.60944
  distance_straight            14  3.77306  2.86019   3.8621  4.30581  4.36194
  motion_blur                  12  1.74353  1.27625   1.7887  1.98846  2.06762
  rotation                      9  5.43404  3.86026  5.66168  6.62116  6.71355
  angled                      100  5.12725  4.59613  5.22622    5.597  5.70072
  front_close                 100  3.32813  3.10619  3.34044   3.5377   3.8657
  front_far                   100  4.06791  3.63994  4.03345  4.49602   4.5663
  set01                       141  4.46548  2.68914  4.55728   5.3361  6.40912
  set02                        16  7.58039  4.65781  6.05379   13.084  13.7508

Uchiya
                              N       Mean      P05      P50      P95      MAX
  distance                     24  27.0623  9.86451  25.1405  43.7703  64.0155
  highres_lots                  8  419.602  351.873   388.86  471.648  525.203
  highres_rotate_z             19  600.291  368.024   561.91  784.768  833.654
  motion_blur                  15  13.9693  2.09751  14.2547  27.3227  35.1205
  rotate_x                     16  24.8705  12.2198   26.463   29.345  33.4716
  rotate_z                     19  32.9946  28.6437  30.8571  35.2621  72.8412
  shadow_overlapping           11  27.2856  24.7303  27.1085  30.2321  30.3272
  static01                    106  20.8351  18.8178    20.36  22.4587  49.1954
  static02                    107  24.4173  22.7161  24.2876  26.3927  31.0261
  visible01                   211  27.8533  24.6466  27.3243  32.2319  46.7399

Summary:
                              N       Mean      P05      P50      P95      MAX
  BinaryRobust                716  2.33326  1.30153    1.745  5.82497  55.1771
  BinaryFast                  716  .899537  .417407  .820937  1.73006  3.36278
  ImageRobust                1062  3.06716  1.79172  2.33936  4.77823  15.9698
  ImageFast                  1062  1.74495  .537483  1.29593  3.46434  6.80625
  Hamming                     969   12.917  6.22289  11.4704  13.7783  533.563
  ChessboardBinary           1429  3.90171  2.96756  3.69464  4.57478  35.1839
  ChessboardXCorner          1429  6.40969  5.51598  6.05934  7.08768  66.5542
  SquareGrid                  803  2.23621  1.17863  2.30989  3.75705  10.1166
  CircleHexagonal             387  9.64327   2.6744  5.25264  24.3304  28.4014
  CircleRegular               504  4.31433  3.07963  4.32214  5.56762  13.7508
  Uchiya                      536  51.5757    19.15  25.7011  72.8412  833.654
