# GENERATOR QrCodeRegression
# Elapsed time in milliseconds

default
                              N       Mean      P05      P50      P95      MAX
  blurred                      53  27.4924  1.15919  7.97409   98.129  118.818
  bright_spots                 33  62.6219  .709476  83.7823  97.6021  99.9888
  brightness                   28  58.3641  1.93117  68.6231  89.9574  100.772
  close                        42  41.4157  1.11323  50.3966   78.572  83.5641
  curved                       67  23.0221  1.76512   7.2115  81.4583  92.7671
  damaged                      48  10.9534  2.41746  7.71659  18.7421  61.0344
  glare                        56  17.1857  1.25187  5.45236  60.6236  78.0227
  high_version                 34  18.9828  1.31057  15.1138  46.6819  57.4741
  lots                          8  144.705  14.5864  158.449  169.126   178.53
  monitor                      25  33.3771  11.1488  29.6672  52.7537  70.6269
  nominal                     125  12.2465  2.00833  8.94205  50.7187  76.4983
  noncompliant                 67   6.9132   1.4426  6.48028  12.2296   22.181
  pathological                 26   .70973  .395074  .511664  2.17184  2.57554
  perspective                  43  3.91173  2.80151   2.9821  7.90652   8.2314
  rotations                    44   13.513  11.3137  13.0407  16.2338  18.4504
  shadows                      19   19.786  2.66815  13.5596  67.2393  67.6721

Summary:
                              N       Mean      P05      P50      P95      MAX
  default                     718  21.8894  1.16594  9.35201  86.2967   178.53
