# GENERATOR DetectDescribeRegression
# Elapsed time in milliseconds

BoofSURF-Fast
                              N       Mean      P05      P50      P95      MAX
  bikes/                        6  87.6512  58.7823  78.1729  96.2591   135.41
  boat/                         6  79.3863  67.5638   71.327  89.0992  90.0771
  graf/                         6  76.8167  71.7514  76.1971   77.634  84.9769
  leuven/                       6  63.8723  54.4221  61.5279  69.0198  74.6111
  ubc/                          6  70.0961  60.9597  70.7865  73.2495  74.2066
  trees/                        6  103.512  86.9773  104.981   110.14  111.457
  wall/                         6  95.4476  90.9383  91.6377  95.7523  110.885
  bark/                         6  56.5673  54.4267  54.5335  58.9479  59.0643

BoofSURF-Fast_Color
                              N       Mean      P05      P50      P95      MAX
  bikes/                        6  124.102  82.9994  112.108  137.764  172.026
  boat/                         6  77.0675  68.0227  70.8348   84.045  88.3727
  graf/                         6  144.217  134.477  144.024  149.091  152.415
  leuven/                       6  112.773  89.5123  107.286   125.27  139.353
  ubc/                          6  131.933  107.593  132.557  141.916  142.054
  trees/                        6  195.251  158.933  191.891   208.33  216.452
  wall/                         6  187.607   175.11  178.832  194.402   218.59
  bark/                         6  106.416  100.221  101.727  112.276  112.301

BoofSURF-Stable
                              N       Mean      P05      P50      P95      MAX
  bikes/                        6  179.728  105.458  182.195  198.478  252.641
  boat/                         6  211.654  173.491  184.939  238.754  258.764
  graf/                         6  221.644  206.714  222.215  231.348  233.564
  leuven/                       6  165.555  127.382  156.128  187.361  210.923
  ubc/                          6  203.218  160.359  206.885  218.151  227.747
  trees/                        6  306.437  238.737   299.98  331.868   344.96
  wall/                         6   294.27  277.962  285.161  287.567  344.505
  bark/                         6  165.224   155.29  156.518  173.782  176.513

BoofSURF-Stable_Color
                              N       Mean      P05      P50      P95      MAX
  bikes/                        6  232.484  138.567  203.333  270.868   352.88
  boat/                         6  208.613  174.831  184.337  234.628  254.072
  graf/                         6  308.934  281.037  310.512  326.503  326.596
  leuven/                       6  228.547  170.098  214.536  262.426  294.195
  ubc/                          6  275.145  205.313  284.291  300.273   307.38
  trees/                        6  423.906  330.678  411.646  459.835  480.365
  wall/                         6  406.835  384.564    393.2  398.617  479.604
  bark/                         6   230.28  214.541  216.994  244.417  252.458

BoofSIFT
                              N       Mean      P05      P50      P95      MAX
  bikes/                        6  205.549  167.845  191.371   192.84  300.802
  boat/                         6  172.437  165.762  169.602  175.671  180.164
  graf/                         6  123.148   115.91  122.982  124.974   129.54
  leuven/                       6  138.855  134.217  137.464  140.565  143.623
  ubc/                          6  163.129  144.551  165.996  167.713  167.856
  trees/                        6  231.017  209.285  233.222  237.074  237.541
  wall/                         6  229.825  221.819  224.411  233.566  250.827
  bark/                         6  146.039   139.93  144.046  148.686  153.309


Summary:
                              N       Mean      P05      P50      P95      MAX
  BoofSURF-Fast                48  79.1687  54.5114  74.2066   110.14   135.41
  BoofSURF-Fast_Color          48  134.921  70.8348  132.557  204.494   218.59
  BoofSURF-Stable              48  218.466  141.169  209.929   324.11   344.96
  BoofSURF-Stable_Color        48  289.343  174.831  270.868  450.589  480.365
  BoofSIFT                     48   176.25  122.982  167.713  237.074  300.802
