# GENERATOR DetectDescribeRegression
# Elapsed time in milliseconds

BoofSURF-Fast
                              N       Mean      P05      P50      P95      MAX
  bikes/                        6  111.184  77.6156  105.049  129.512  155.518
  boat/                         6  106.371  91.7863  97.1147  121.779  121.802
  graf/                         6  105.078  98.4545  105.711  108.022  109.505
  leuven/                       6  87.0837  73.4216  83.6684  94.3388  102.902
  ubc/                          6   96.152  83.4415  98.9986  100.322  101.455
  trees/                        6  139.639  119.129  138.416  147.056  151.479
  wall/                         6  130.642  124.607  125.896  128.567  151.407
  bark/                         6  77.3894  74.4577  74.7816  80.3517   81.101

BoofSURF-Fast_Color
                              N       Mean      P05      P50      P95      MAX
  bikes/                        6  168.777  113.362  161.669  189.412  235.535
  boat/                         6  105.708  93.1167  97.1188  116.049  122.643
  graf/                         6  201.389  186.557  202.488  208.005  212.677
  leuven/                       6  156.419  123.486  148.033  174.763  195.129
  ubc/                          6  181.832  150.081  187.196  192.562  196.254
  trees/                        6  274.078   223.81  273.589  290.928  301.937
  wall/                         6  261.294  246.234  251.818  258.429  310.205
  bark/                         6  147.561  139.507  140.735   155.92  157.296

BoofSURF-Stable
                              N       Mean      P05      P50      P95      MAX
  bikes/                        6  214.854  130.262  221.875  249.495  305.566
  boat/                         6  253.233  209.925  223.743  286.419  308.805
  graf/                         6  265.418  244.286  266.581  276.398  279.321
  leuven/                       6  201.681  152.811      188  226.492  254.818
  ubc/                          6  243.566  192.969  247.811  260.297  264.669
  trees/                        6  364.495  287.299  359.959   392.51  410.294
  wall/                         6  348.223  329.571  335.272  342.669  410.851
  bark/                         6  197.041  185.975  187.115  208.309  211.471

BoofSURF-Stable_Color
                              N       Mean      P05      P50      P95      MAX
  bikes/                        6  317.388  188.892  285.545  373.162   479.76
  boat/                         6  252.962  210.385  223.437  286.363  308.209
  graf/                         6   415.95  381.209  418.912  433.038  439.419
  leuven/                       6  309.569   230.84   290.28  354.036  401.157
  ubc/                          6  374.022  289.248  384.158  404.819  414.807
  trees/                        6   572.27  448.738  563.115  619.449  645.213
  wall/                         6  549.862    518.8   526.88  540.942  652.152
  bark/                         6  306.737  288.544  290.342  325.145  329.548

BoofSIFT
                              N       Mean      P05      P50      P95      MAX
  bikes/                        6  283.515  235.195  269.234   276.06  392.018
  boat/                         6  264.663  254.867  263.661  270.755   276.94
  graf/                         6  177.255  165.674  177.323  180.559  184.175
  leuven/                       6  198.844  195.067  198.068  200.875  202.675
  ubc/                          6  242.865  222.339  242.897   247.07  256.467
  trees/                        6  338.332  304.881   339.97  348.699  350.076
  wall/                         6  344.721  327.855  344.027  347.468  361.953
  bark/                         6  215.955  206.918  214.929  218.061  229.326


Summary:
                              N       Mean      P05      P50      P95      MAX
  BoofSURF-Fast                48  106.692  74.6925  101.598  147.056  155.518
  BoofSURF-Fast_Color          48  187.132  97.1188  186.557  284.403  310.205
  BoofSURF-Stable              48  261.064   158.91  254.228  381.059  410.851
  BoofSURF-Stable_Color        48  387.345  216.684  373.162  600.411  652.152
  BoofSIFT                     48  258.269  177.323   247.07  348.699  392.018
