# GENERATOR ObjectTrackingRegression
# F TP TN FP FN Overlap
cliffbar 0.952 0060 0000 0005 0001 0.572
coke11 0.808 0040 0000 0019 0000 0.455
david 0.906 0077 0000 0015 0001 0.461
dollar 1.000 0066 0000 0000 0000 0.877
faceocc 0.997 0177 0000 0000 0001 0.835
faceocc2 0.984 0158 0000 0005 0000 0.645
girl 0.832 0072 0000 0023 0006 0.474
surfer 1.000 0076 0000 0000 0000 0.594
sylv 1.000 0269 0000 0000 0000 0.761
tiger1 0.329 0014 0000 0052 0005 0.374
tiger2 0.341 0015 0000 0052 0006 0.279
twinings 0.787 0061 0000 0029 0004 0.456
