# GENERATOR ObjectTrackingRegression
# F TP TN FP FN Overlap
cliffbar 0.350 0014 0000 0000 0052 0.687
coke11 0.239 0008 0000 0000 0051 0.664
david 0.500 0031 0000 0000 0062 0.766
dollar 1.000 0066 0000 0000 0000 0.858
faceocc 0.174 0017 0000 0000 0161 0.897
faceocc2 0.624 0074 0000 0000 0089 0.829
girl 0.039 0002 0000 0000 0099 0.867
surfer 0.026 0001 0000 0000 0075 1.000
sylv 0.561 0105 0000 0000 0164 0.705
tiger1 0.156 0006 0000 0000 0065 0.815
tiger2 0.198 0008 0000 0000 0065 0.751
twinings 0.803 0063 0000 0005 0026 0.537
