# GENERATOR ObjectTrackingRegression
# F TP TN FP FN Overlap
01_david 0.793 0500 0000 0115 0146 0.542
02_jumping 0.982 0302 0000 0003 0008 0.547
03_pedestrian1 0.777 0089 0000 0026 0025 0.422
04_pedestrian2 0.912 0223 0072 0001 0042 0.687
05_pedestrian3 0.925 0149 0011 0018 0006 0.802
06_car 0.941 0803 0041 0049 0052 0.840
07_motocross 0.668 1012 0648 0866 0139 0.549
08_volkswagen 0.808 4557 1858 2134 0027 0.554
09_carchase 0.606 4151 0381 3026 2370 0.535
10_panda 0.137 0221 0000 2768 0011 0.225
