# GENERATOR ObjectTrackingRegression
# F TP TN FP FN Overlap
01_david 0.003 0001 0000 0001 0759 0.862
02_jumping 0.006 0001 0000 0001 0311 0.904
03_pedestrian1 0.503 0047 0000 0013 0080 0.308
04_pedestrian2 0.065 0009 0072 0001 0256 0.781
05_pedestrian3 0.488 0051 0026 0003 0104 0.624
06_car 0.744 0509 0085 0001 0350 0.647
07_motocross 0.001 0001 1253 0001 1410 0.880
08_volkswagen 0.099 0269 3435 0005 4867 0.419
09_carchase   NaN 0000 1268 0001 8659   NaN
10_panda 0.039 0055 0270 0001 2674 0.666
