# GENERATOR ObjectTrackingRegression
# Elapsed time in milliseconds

BoofCV-TLD
                              N       Mean      P05      P50      P95      MAX
  cliffbar                    328  25.6331  24.0307  25.3349  26.9735  88.7473
  coke11                      292  21.6829  18.2727  21.1736  25.8451   31.346
  david                       462  25.6081  14.9258  28.0348  31.6574  32.9337
  dollar                      327  10.7814  6.93528  11.5912  13.4546  14.5394
  faceocc                     886  27.8313  20.3106  27.6589  37.4666  38.5284
  faceocc2                    812  25.3729  19.5237  25.7545  31.9428   39.735
  girl                        502  17.6412   12.482  16.5964  24.2262  38.7915
  surfer                      376  17.8232  12.4546  18.1384  22.1692  24.7748
  sylv                       1344  17.0437  7.06828  16.6998  29.3922  30.8999
  tiger1                      354  19.5303  16.6859  19.8334  21.5752  28.0158
  tiger2                      365  20.7361  15.6763  19.8914  26.9762  28.1726
  twinings                    467  23.6416  21.8577  23.6391  25.0406  42.6801
  01_david                    761  51.2049  44.2375  52.3546  56.4432  85.3144
  02_jumping                  313  37.7327  30.7169  38.2611  42.9387  60.3366
  03_pedestrian1              140  16.9863  13.3794  17.0385  20.6288  24.5914
  04_pedestrian2              338  6.26464  .446942  7.42932  9.72092   9.9522
  05_pedestrian3              184  7.87967  5.06244  7.09944  11.9675   12.663
  06_car                      945   6.7573  3.14368  7.38649  9.66724  11.3774
  07_motocross               2665   22.885  3.43577  24.0213  38.2286  54.3965
  08_volkswagen              8576   72.026  50.9461   71.948  99.4825  115.597
  09_carchase                9928  46.9986  21.1477  48.9351  65.6766  71.4497
  10_panda                   3000  27.2999  8.44841  29.2903   35.825  38.5055

BoofCV-Circulant
                              N       Mean      P05      P50      P95      MAX
  cliffbar                    328   .65135  .411325  .421013  1.29235  11.0766
  coke11                      292  .413019  .404092  .411436  .422537  .543805
  david                       462   .41447  .399614  .406967  .479985  .669752
  dollar                      327  .409318  .399784   .40843   .42442  .490946
  faceocc                     886  .417908  .404112  .411666  .449577  .991489
  faceocc2                    812  .406417  .394203   .40283  .422055  .526232
  girl                        502  .407808  .393772   .40294  .454006  .763319
  surfer                      376  .400947  .393662  .400305  .410554  .436433
  sylv                       1344  .403402  .394484  .401878  .413009  .628475
  tiger1                      354  .401363  .393713  .400675  .410374  .425412
  tiger2                      365  .401005  .393522  .400354  .410183  .496266
  twinings                    467  .403254  .395616  .402028  .411005  .507286
  01_david                    761   .40282  .394072  .402829  .413079  .443766
  02_jumping                  313  .404583  .396057    .4031  .417286  .525381
  03_pedestrian1              140  .404489  .396568  .403801  .418499  .432365
  04_pedestrian2              338  .405903   .39756  .405144  .415554  .449808
  05_pedestrian3              184  .398986   .38716  .399553   .41376  .435391
  06_car                      945  .407301  .396918  .405074  .420483  .670153
  07_motocross               2665  .399778  .389214   .39795  .411516  .617504
  08_volkswagen              8576  .403176   .39241  .401166  .416165  .681775
  09_carchase                9928  .400037  .390195  .398471  .411405  .763219
  10_panda                   3000  .402971   .39263  .401126  .414501  .597957

BoofCV-Comaniciu
                              N       Mean      P05      P50      P95      MAX
  cliffbar                    328  .552094  .428167  .437605    .8274  4.23914
  coke11                      292  .417375  .403872  .415142  .437545  .538956
  david                       462  .299742  .244421  .276822  .444327   1.2779
  dollar                      327  .423737  .414291  .425553  .437174   .47732
  faceocc                     886  .291781  .271522  .283815  .319362  .531302
  faceocc2                    812  .432018  .422897  .430081  .439599  .608427
  girl                        502  .455583  .421224  .436272  .534979  1.45313
  surfer                      376  .431945  .420452  .427846  .449488  .673599
  sylv                       1344  .277956   .27052  .276031  .292461  .393141
  tiger1                      354  .427612  .417688  .424581   .48773  .505002
  tiger2                      365  .425626   .41891  .425703  .437855  .586786
  twinings                    467  .424962  .419441  .426143  .435341   .45658
  01_david                    761  .298887  .028955   .41877  .438406  .897121
  02_jumping                  313  .415581  .403801  .414882  .433587  .495524
  03_pedestrian1              140  .409549  .404142  .410985  .419842  .431824
  04_pedestrian2              338   .42666  .403932  .414432  .506255  .577358
  05_pedestrian3              184  .380927  .151546   .40831  .449828  .500333
  06_car                      945  .425251  .402138  .411987   .49302  .663932
  07_motocross               2665  .410697  .400855  .407999  .422697  .713355
  08_volkswagen              8576  .249744  .019607  .289596  .343929  .581396
  09_carchase                9928   .41792   .40312  .410804  .467652  .792544
  10_panda                   3000  .519458  .510412  .518418  .534898  .624557

BoofCV-MeanShiftHist
                              N       Mean      P05      P50      P95      MAX
  cliffbar                    328  .054675  .017513  .027392  .144773  2.58934
  coke11                      292  9.36E-03  7.57E-03  7.71E-03  .012063  .258868
  david                       462  .022982  3.60E-04  4.41E-04  .097173  .943168
  dollar                      327  .061501  .038623  .039715  .121489  1.44338
  faceocc                     886  .091056  .058932  .060103  .191842  1.63805
  faceocc2                    812   .07715  .065423  .066726  .110147  .701422
  girl                        502  .136774  .080992  .124334  .253738  .876592
  surfer                      376  .015286  8.66E-03  .011312  .028985  .139443
  sylv                       1344  .011352  .010209   .01037  .014928  .173216
  tiger1                      354  .014989  .011211  .011472  .029947  .157757
  tiger2                      365  .010859  9.77E-03  9.92E-03  .012423  .093146
  twinings                    467  .030378  .025428  .025899  .039645  .245724
  01_david                    761  9.83E-03  1.50E-04  1.90E-04  .023304  .118013
  02_jumping                  313  .022029  7.81E-03  .018936  .046318  .071365
  03_pedestrian1              140  .014135  6.12E-03  .011281  .028334  .052248
  04_pedestrian2              338   .01262  8.71E-03  8.97E-03  .025438  .078708
  05_pedestrian3              184  8.89E-03  1.60E-04  9.27E-03  .023755  .085632
  06_car                      945  .036004  .022612  .025057  .078568  .211248
  07_motocross               2665  2.01E-04  1.50E-04  1.70E-04  2.00E-04  .040897
  08_volkswagen              8576  3.22E-04  1.40E-04  1.50E-04  2.21E-04  .045947
  09_carchase                9928  9.59E-04  1.40E-04  1.61E-04  2.40E-04  .114336
  10_panda                   3000  5.25E-03  4.66E-03  4.76E-03  8.21E-03  .033794

BoofCV-SparseFlow
                              N       Mean      P05      P50      P95      MAX
  cliffbar                     70  4.84059  3.57089  4.61443  6.27049  11.8625
  coke11                       38  3.99855  3.31497  4.06876  4.90877  5.05422
  david                       151  2.99922  2.84034  2.99049  3.27487  3.44958
  dollar                      327   3.7812  2.83259  3.77112  4.86604   5.8173
  faceocc                      85  3.47227  2.87949  3.49237  4.13729  4.23329
  faceocc2                    369  2.93946  2.64124  2.93583  3.27923  4.14181
  girl                          9  3.30562  .390306   3.4843   3.8815   3.9674
  surfer                        5  3.21534  1.10471  3.76199    3.954  3.97293
  sylv                        524  3.28694  2.86629  3.23425  3.80104   4.1124
  tiger1                       29  3.08064  2.53263  3.17732  3.34111  3.51854
  tiger2                       40  3.04165  2.83403   3.1034  3.30829    3.682
  twinings                    340   3.4717  2.85976  3.40263  4.24909  5.56312
  01_david                      2  1.99524  .381619  .381619  .381619  3.60886
  02_jumping                    2   2.1384  .663922  .663922  .663922  3.61287
  03_pedestrian1               60  3.12009  2.77332  3.09763  3.71263   3.9934
  04_pedestrian2               10  2.93304   .38746  3.15098  3.36917  3.37095
  05_pedestrian3               54  2.90148  2.68403   2.8317  3.33881  4.38579
  06_car                      510  3.19503  2.83358   3.1897  3.61212  4.39534
  07_motocross                  2  2.67579  .943709  .943709  .943709  4.40787
  08_volkswagen               274  4.27198  3.90914  4.24473  4.74173  5.12079
  09_carchase                   1   .59402   .59402   .59402   .59402   .59402
  10_panda                     56   3.0925  1.80522    3.305  4.18952  4.54927

Summary:
                              N       Mean      P05      P50      P95      MAX
  BoofCV-TLD                33365  42.8484  8.15632  43.2148  81.9469  115.597
  BoofCV-Circulant          33365  .405308  .391297  .400996  .417377  11.0766
  BoofCV-Comaniciu          33365  .372666  .068308  .409432  .518828  4.23914
  BoofCV-MeanShiftHist      33365   .01177  1.40E-04  1.70E-04  .065995  2.58934
  BoofCV-SparseFlow          2958  3.40774  2.77263  3.24905  4.48498  11.8625
