# GENERATOR FitPolylineRegression
# Elapsed time in milliseconds

SplitMerge_Global
                              N       Mean      P05      P50      P95      MAX
  border01                      7  4.36529   .96157  1.38768  8.59471  14.7198
  border02                      4  2.50878     1.95  2.03186  2.72295   3.3303
  concave                       8  3.08433  1.42493  2.23119  3.25473  9.34716
  quadrilaterals01              7  2.41111  1.68058  2.29748  3.14182  3.27243
  set01                         9  .719179  .323654  .455925  1.24765  1.95388
  set02                         9  .650753  .450931  .546238   .88835  .933898
  set03                         9  .863761  .627315  .868177    1.047  1.10666
  set04                        10  .150024  .097193  .153744  .184567  .205598

SplitMerge_Local
                              N       Mean      P05      P50      P95      MAX
  border01                      7  20.3327  2.94506  24.4699  25.4195  28.7692
  border02                      4  14.8426  6.95815  13.7734  14.9172  23.7215
  concave                       8  8.86479  5.99082  7.75079  10.6151  13.5126
  quadrilaterals01              7  2.93744  1.79263  3.03356  3.40801  3.97246
  set01                         9  5.07761  3.97033  4.30517  6.79079     7.63
  set02                         9  2.76457  1.99058  2.49935  3.57439  3.79816
  set03                         9  2.09289  1.70826  2.10654  2.37132  2.57974
  set04                        10   .60688  .425088  .567084   .74696  .786629

SplitMergeOld_Global
                              N       Mean      P05      P50      P95      MAX
  border01                      7  14.1623  1.91765  4.34426  17.4007  62.9738
  border02                      4  4.85208  3.41693  4.48817  4.51164  6.99157
  concave                       8  9.59142  1.81273  5.72915  13.8699  24.8365
  quadrilaterals01              7  6.95083  2.59962  4.17446  6.81132  24.1735
  set01                         9  9.18672  1.39937  1.94562  29.4601   30.522
  set02                         9  6.57365  .511554   2.0368  8.74012  36.7095
  set03                         9  3.15438  .771357   1.8884  4.62171  10.6819
  set04                        10   1.0293  .673485  .849177  1.51187  1.56771

SplitMergeOld_Local
                              N       Mean      P05      P50      P95      MAX
  border01                      7   94.462  11.8997  104.979  144.437  150.897
  border02                      4  49.8494  38.4577  53.0901  53.1237  54.7263
  concave                       8   20.797  13.5948  20.5532  22.1479  29.6065
  quadrilaterals01              7   54.283  4.07836  28.3144  54.2355  245.578
  set01                         9  233.039   40.535  144.634   416.44  524.411
  set02                         9   27.618  9.84858  17.4322  48.9614  86.6339
  set03                         9  35.9674  12.2335  35.1051  65.5103  65.8017
  set04                        10  5.97854  2.18164  5.29295  9.00193  9.84077

Summary:
                              N       Mean      P05      P50      P95      MAX
  SplitMerge_Global            63  1.64679  .140228  .931416  3.27243  14.7198
  SplitMerge_Local             63  6.16927  .563052  3.40801  23.8775  28.7692
  SplitMergeOld_Global         63  6.73742  .673485  2.62769  24.8365  62.9738
  SplitMergeOld_Local          63  65.6571  4.87514  24.4406  245.578  524.411
