# GENERATOR QrCodeRegression
# Elapsed time in milliseconds

default
                              N       Mean      P05      P50      P95      MAX
  blurred                      53  31.4743  1.51739  9.72875  108.974  142.321
  bright_spots                 33  74.0098  .949868  97.7933  117.767  124.403
  brightness                   28  68.7289  2.80574  77.2392  107.675  121.612
  close                        42  50.4122  1.64504  58.4068  97.2882  102.281
  curved                       67  27.9338  2.59985  9.85888  97.5415  108.587
  damaged                      48  14.5351  3.62148  10.7304  25.9219   70.347
  glare                        56  20.8714  1.76055  7.45531  71.5317  89.3374
  high_version                 34  23.9455  1.93094  20.0931  55.2441  71.2512
  lots                          8  187.812  20.3763  206.799   220.44   229.49
  monitor                      25   43.798  15.2877  42.6381  70.7206  86.1255
  nominal                     125  15.1238  2.68972  12.2217  53.0863  85.3164
  noncompliant                 67  9.50514  2.09577  8.49784  16.3592  30.2916
  pathological                 26  1.05747  .604091  .782373   3.1236  3.43159
  perspective                  43  5.26689  3.69067  3.91861  11.1207  11.8424
  rotations                    44  18.2727  15.2119  17.5421  22.3388   24.873
  shadows                      19  24.9325  3.94595  18.9468  80.4631  82.2942

Summary:
                              N       Mean      P05      P50      P95      MAX
  default                     718  26.9649  1.70888  13.0882  101.158   229.49
