# GENERATOR FiducialRegression
# Elapsed time in milliseconds

BinaryRobust
                              N       Mean      P05      P50      P95      MAX
  distance_angle               10  19.3455  10.2791  13.1846    19.63  60.7778
  distance_straight            10  9.76111  7.83183   9.8091  10.8126  11.1489
  motion_blur                   9  11.6775   7.8513  11.3047  13.5331  16.3389
  rotation                     12  12.5755  10.2029  12.4975  14.8644  15.2659
  static_front_close          101   3.9467  3.79007   3.9242  4.11064  4.71438
  static_front_far            100  2.85393  2.65645  2.84204  3.09711  3.26378
  static_scene                101  5.47836  5.23348  5.46117  5.84126  6.11014
  set01                       373  3.21021  2.69721  3.16425  3.79576  4.59023

BinaryFast
                              N       Mean      P05      P50      P95      MAX
  distance_angle               10  2.08248  1.09061   1.6889   2.3482   5.3098
  distance_straight            10  1.77426  1.44345  1.67383  2.24636    2.266
  motion_blur                   9  3.63908  2.49157  3.65529  4.91933  5.31961
  rotation                     12  1.34647  .768153  1.42815  1.78047   2.0091
  static_front_close          101  .489674  .478344  .481906  .541578  .596558
  static_front_far            100  .572658  .511819  .541008  .714731  1.53844
  static_scene                101  2.32843  2.16882   2.2939  2.60229  2.74133
  set01                       373  1.13636  .669416  1.11846  1.65879  2.13989

ImageRobust
                              N       Mean      P05      P50      P95      MAX
  distance_angle                9  9.66034  7.83892   8.9705  10.6301  12.6344
  distance_straight             9  8.70247  6.70657  8.40983  10.6653   11.911
  hard                         11  17.5802  9.67167  16.5428  23.7343  24.3957
  motion_blur                   8  7.48122  3.95885   7.5238  9.09498   10.407
  rotation                     13  11.1075  7.27454  11.1751  12.7541  13.5718
  static_front_close          193  3.64337  3.53657  3.63372  3.76846  4.03187
  static_front_far            100  3.86167  3.49182  3.83168  4.38797  4.53494
  static_scene                308  6.47253  5.78752  6.16756  7.84145  8.16004
  set01                       411  3.89473  3.12483  3.89714  4.71122  5.33802

ImageFast
                              N       Mean      P05      P50      P95      MAX
  distance_angle                9  2.24361  1.69941  2.25371  2.62907  2.64704
  distance_straight             9  1.69967  1.27339  1.51686  2.22445  2.65394
  hard                         11  7.89943  5.88235  7.10855  10.1382  10.7643
  motion_blur                   8  4.47842   4.0357   4.3804   4.9447  5.07268
  rotation                     13  1.31186  .936243  1.31085  1.49224  1.80558
  static_front_close          193  .685427   .66779    .6824  .714393  .771873
  static_front_far            100  1.08667  .971617   1.0942  1.20133  1.87468
  static_scene                308  5.09243   4.7723  5.10326   5.4026  5.58399
  set01                       411  1.74946  1.27958  1.75239  2.31306  2.73859

Hamming
                              N       Mean      P05      P50      P95      MAX
  distance_angle               16  17.1149  10.3527  14.6131  21.0566  47.0018
  distance_straight            15  14.7161  10.6303   13.984  18.8923  23.0326
  highres                       5  554.763  397.361  549.781  629.576  707.101
  rotation_y                   17  13.8851  11.0455  13.6227  17.6822  17.8639
  rotation_z                   14  15.7075  13.9056  15.4871  17.1311  18.0736
  shadows                      17   8.5061  5.73945  7.94506  11.5575  11.9342
  angle                       277  18.2725   16.286  18.1754  20.2941  27.3056
  front                       273  18.5958  16.6432  18.5457  20.8326  22.4797
  set_01                      335  12.2299  9.00769   12.559  15.0685  16.3084

ChessboardBinary
                              N       Mean      P05      P50      P95      MAX
  distance_angle                6  16.9609  8.41931  9.16546  19.2871  46.3464
  distance_straight             8  8.34117  7.09587  8.15953  9.13159  9.46821
  distant                       7  16.8281  12.4301   17.675  18.7282  23.5524
  motion_blur                  13   5.9755  4.59539  6.12638  6.77656  6.95155
  rotation_flat                12  16.2369  13.1688  15.1835  19.7598  23.2042
  rotation_vertical             7  7.30437  6.56144  7.07423  8.33404  8.34231
  shadow                       15  15.9542  8.18256  15.0459  23.9406  26.3085
  front_close                 201  6.45826  5.97672  6.42929   7.0214  7.56714
  front_far                   201  6.44536  6.02425  6.44164  7.01497  7.41622
  set01                       959   5.5112  4.68558  5.57808  6.24412  10.1851

ChessboardXCorner
                              N       Mean      P05      P50      P95      MAX
  distance_angle                6  28.2243  16.5272  17.6936  29.3768   68.049
  distance_straight             8  15.5469  13.8862  16.0593  16.4623  17.0951
  distant                       7  22.8067   19.487  21.6955  25.2808  28.1496
  motion_blur                  13   7.9187  7.49439  7.79405  8.93886  8.96108
  rotation_flat                12  20.0016  18.3857  20.0737  21.4976  22.5525
  rotation_vertical             7  13.6692   13.254  13.5934  13.9396  14.1602
  shadow                       15  19.3468  10.9383   19.967   28.306  29.5144
  front_close                 201  9.17831  8.79443  9.09877  9.55868  17.2998
  front_far                   201  9.99663  9.73841  9.95084  10.4125   11.145
  set01                       959  8.39474   7.8303  8.28906  9.19149  18.1681

SquareGrid
                              N       Mean      P05      P50      P95      MAX
  distance_angle                6  7.56252  6.71253  6.81806  7.40862  10.2802
  distance_straight             7  4.33084  3.70595  4.18843  4.79855  5.55696
  distant                       7  8.96498  5.76575  8.82218  10.4274  12.4398
  motion_blur                   8  2.07619  1.79293  2.13333  2.17028  2.26737
  rotation                      7  3.52823  3.36132  3.48518   3.5418  4.00453
  front_close                 200  3.46541   3.1574   3.4554  3.84681  4.24668
  front_far                   200  4.79903  4.00247  4.77507  5.58551  8.90738
  set0                        368  1.97382  1.75177  1.96264  2.24999  2.54684

CircleHexagonal
                              N       Mean      P05      P50      P95      MAX
  distance_angle               11  10.9713  8.73837   10.073  10.8819  22.1431
  distance_straight            12   7.6351  6.37896  7.81547  8.21877  8.61385
  motion_blur                  13  3.15712  2.08167  3.37974  3.58724  3.70699
  rotation                      9  7.05725  6.35935  7.11561  7.47781  7.75265
  angled_5x6                   52  7.45865  6.89053  7.40962  7.98146  8.24632
  front_close_24x28            45  33.0007  31.3911  32.7465   36.419  37.2845
  front_close_5x6              47  3.79797  3.59126  3.81199  3.99774  4.06338
  front_far_5x6                55   6.5532  6.04351  6.53829  7.13413  7.27825
  24x28_hard                   14  23.1315  6.52638  22.9007  27.7328  33.6065
  24x28_set0                   59  27.0413  26.3563  26.9434  27.9177  28.7937
  5x6_hard                      2  3.84096   3.6375   3.6375   3.6375  4.04443
  5x6_set0                     68  5.92837  4.16622  5.20062  9.32807  10.7177

CircleRegular
                              N       Mean      P05      P50      P95      MAX
  distance_angle               12  5.52447  4.28715  5.51831  6.29032  6.32749
  distance_straight            14  5.25362  3.93256  5.37666  6.02611  6.14013
  motion_blur                  12  2.48998  1.86787  2.56532  2.88844  2.89998
  rotation                      9  7.47312  5.40683  7.75821  9.16238  9.19405
  angled                      100  7.02131  6.37301  7.13929  7.63368  7.82151
  front_close                 100   4.5365  4.25648  4.51721  4.80778  5.03248
  front_far                   100  5.63642  5.08283  5.69623  6.18175  6.32608
  set01                       141  5.88742  3.55816   6.0007  6.92784   10.074
  set02                        16  10.3593  6.48395  8.28898   18.048  18.4717

Uchiya
                              N       Mean      P05      P50      P95      MAX
  distance                     24  32.1416  13.7371   31.914  35.5778  74.8809
  highres_lots                  8  550.397  472.699  520.021  633.031  688.035
  highres_rotate_z             19  714.277  464.891  667.892  917.893  986.186
  motion_blur                  15   16.972  3.74364  17.5238   30.822  43.0191
  rotate_x                     16  31.0864  20.2476  30.4593  36.4657    44.14
  rotate_z                     19  40.8605  33.3692  35.8386  42.3009  134.995
  shadow_overlapping           11  34.9595  30.0623  34.3422  39.5667  39.6384
  static01                    106  27.8586  25.9964  27.5809  29.8293  32.3622
  static02                    107   32.353  30.0623  32.3225  34.2832  35.1212
  visible01                   211  35.2801  31.6023  35.2434  39.4012   42.696

Summary:
                              N       Mean      P05      P50      P95      MAX
  BinaryRobust                716  4.16452  2.70985  3.31704  9.33126  60.7778
  BinaryFast                  716  1.19166  .480571  1.07522  2.38628  5.31961
  ImageRobust                1062  4.94021  3.32089  4.05852  7.85242  24.3957
  ImageFast                  1062  2.54587  .678051   1.7784   5.3014  10.7643
  Hamming                     969  18.6833   9.4319  17.1857  20.1911  707.101
  ChessboardBinary           1429  6.10785  4.77171  5.87667  7.03116  46.3464
  ChessboardXCorner          1429  9.15811  7.83729  8.67837  10.3648   68.049
  SquareGrid                  803  3.18681  1.78558  3.24667  5.28665  12.4398
  CircleHexagonal             387  13.0718  3.66383  7.20367  32.7953  37.2845
  CircleRegular               504   5.8577  4.20085  5.87317  7.59086  18.4717
  Uchiya                      536  64.3985  26.0156  32.9139  134.995  986.186
