# GENERATOR FitPolylineRegression
# Elapsed time in milliseconds

SplitMerge_Global
                              N       Mean      P05      P50      P95      MAX
  border01                      7  3.48475  .517684  1.08254  7.75863  10.8936
  border02                      4  1.25127  .953966  1.10778  1.26882  1.67453
  concave                       8  1.37601  .526862   .92429  1.41496  4.25895
  quadrilaterals01              7  1.22372  .821988  1.17423   1.5456  1.81438
  set01                         9   .35349  .149442  .183395  .616321  1.06548
  set02                         9  .320771  .214394    .2708  .451059  .471648
  set03                         9  .436162   .36094  .434949  .500633  .589119
  set04                        10  .095685  .069441  .089689  .124384  .131698

SplitMerge_Local
                              N       Mean      P05      P50      P95      MAX
  border01                      7  11.1712  1.59313  13.2572  13.9383  16.4627
  border02                      4  8.00763  5.83439  6.41193  8.32168  11.4625
  concave                       8  4.73497  3.12386  4.11094  6.57351  6.79672
  quadrilaterals01              7  1.79863  1.08908  1.72647  2.09911  2.70416
  set01                         9  3.13861   2.4033  2.71744  4.28074  4.89849
  set02                         9  1.79764  1.19946  1.72755  2.15665  3.12776
  set03                         9  1.30666  .933488  1.35872  1.49142  1.53546
  set04                        10  .339306  .238729  .358314  .382601  .394773

SplitMergeOld_Global
                              N       Mean      P05      P50      P95      MAX
  border01                      7  6.90184   .88155  2.50267   17.057  21.2998
  border02                      4  2.07012  1.47047  1.72304  2.24998    2.837
  concave                       8  3.38485  .816878  1.92077  6.49559  8.22806
  quadrilaterals01              7  3.11716  1.37886   2.0576  3.95157  7.74374
  set01                         9  3.16695  .523316  1.25923  7.70517  10.4464
  set02                         9  2.06147   .33954  .826536   4.6099  9.39368
  set03                         9  1.36326  .456639  .862665  2.22373  3.37583
  set04                        10  .400192  .277823  .346582  .534516   .54152

SplitMergeOld_Local
                              N       Mean      P05      P50      P95      MAX
  border01                      7  36.3011  5.81552  46.3425  51.9966  52.2935
  border02                      4  20.3169  13.0852  17.9457  23.3936  26.8432
  concave                       8  8.49881  5.86673    7.111  12.4878  13.2683
  quadrilaterals01              7  15.7426  3.27275  5.53996  16.8328  64.2329
  set01                         9  81.4292   28.863  51.4786  145.714  178.146
  set02                         9  12.7149  5.85653  11.3338  17.0688  26.1383
  set03                         9  13.5955  7.75354  13.7011  16.8739   22.285
  set04                        10    4.485   3.1067  4.23574  5.05428  6.80082

Summary:
                              N       Mean      P05      P50      P95      MAX
  SplitMerge_Global            63   .95116  .088877  .471648  1.81438  10.8936
  SplitMerge_Local             63  3.49648  .317098  2.06372  12.8192  16.4627
  SplitMergeOld_Global         63  2.67967   .33954  1.38118  8.22806  21.2998
  SplitMergeOld_Local          63  24.2551  3.80926  12.4878  64.2329  178.146
