# GENERATOR FiducialRegression
# Elapsed time in milliseconds

BinaryRobust
                              N       Mean      P05      P50      P95      MAX
  distance_angle               10  16.9648  8.83295  11.4115  18.1667  57.6207
  distance_straight            10   8.5453  6.33087  8.72499  9.73617  9.74537
  motion_blur                   9  10.5526  6.52921  10.4992  12.6851  13.7407
  rotation                     12  11.2017  7.53322  10.9679  13.3752  17.5347
  static_front_close          101  3.17768  2.99279  3.16332  3.33123  3.95198
  static_front_far            100   1.9555  1.74193  1.95699  2.19494  2.31696
  static_scene                101  4.59275  4.31872  4.56706  4.96256  5.13075
  set01                       373  2.34264  1.79842  2.27809  2.93733  5.85361

BinaryFast
                              N       Mean      P05      P50      P95      MAX
  distance_angle               10  2.06062  1.31969  1.97313  2.43604  2.87654
  distance_straight            10  2.06432  1.58762  1.96499   2.4129  2.58319
  motion_blur                   9  4.13309  2.82526  4.12763  5.33504  5.53705
  rotation                     12  1.49379  .940757  1.57758  1.95563  2.00983
  static_front_close          101  .576045   .55668  .565793  .612496  .751703
  static_front_far            100  .631647  .585935  .615435   .67464  1.49197
  static_scene                101  2.87525  2.67985  2.84177  3.16109  3.42949
  set01                       373  1.21959  .782837  1.20794  1.74203  2.70422

ImageRobust
                              N       Mean      P05      P50      P95      MAX
  distance_angle                9  8.20706  6.73973   8.0056  9.26518  9.49564
  distance_straight             9  6.98955  5.09933  6.52874  9.27932  9.79814
  hard                         11  15.2325  7.21959  16.0541  20.9672  21.6046
  motion_blur                   8  6.13031  3.21642  5.71606  7.76506  8.71957
  rotation                     13  9.45653  5.56548  9.49749  10.7148  12.9607
  static_front_close          193  2.72763  2.62953  2.72222  2.82703  3.50565
  static_front_far            100  2.88728  2.45267  2.88571  3.28707  3.60608
  static_scene                308  5.97119  5.60722  5.94806  6.31315  11.2745
  set01                       411  2.92296   2.0988  2.94536  3.62408  7.22707

ImageFast
                              N       Mean      P05      P50      P95      MAX
  distance_angle                9  2.22499  1.73228   2.1393  2.55318  2.60181
  distance_straight             9  1.64044   1.1651  1.45039  2.14312  2.63555
  hard                         11  6.74823  4.79453  6.33149  8.94843  9.07885
  motion_blur                   8  3.80064  3.30826  3.64156  4.06094  4.82729
  rotation                     13  1.34207  1.06498   1.3966  1.52008   1.7922
  static_front_close          193  .665171  .644474  .659989  .707679  .753103
  static_front_far            100  1.10443  .971546  1.09819  1.27214  1.79649
  static_scene                308  4.30391  4.02596  4.31877  4.54315  4.84041
  set01                       411  1.62332  1.17543   1.6148  2.10961  2.42009

Hamming
                              N       Mean      P05      P50      P95      MAX
  distance_angle               16  15.7709  9.65339   13.334  19.4412  43.8355
  distance_straight            15  14.1284  10.2317  13.5842   18.734  22.5455
  highres                       5  543.158   396.06      529  618.314  697.632
  rotation_y                   17  13.1212  9.71895  13.5353  16.1015  17.2674
  rotation_z                   14  14.2955  12.5737  14.0652  15.9899  16.9157
  shadows                      17  7.52397   4.6935  7.40774  10.3216  11.1629
  angle                       277   17.679  15.5967  17.7344  19.5351  25.2337
  front                       273  17.6448   15.818  17.5201  19.7861  21.6374
  set_01                      335  11.0088  7.85979   11.214  13.7712  15.9562

ChessboardBinary
                              N       Mean      P05      P50      P95      MAX
  distance_angle                6  14.5507  7.90292  8.61754  17.5894  28.5859
  distance_straight             8  7.67542  6.70997  7.65957   8.2776  8.50369
  distant                       7  15.2904  11.0554  16.7831   17.169  21.5074
  motion_blur                  13  5.40275  4.25219  5.43978  6.03454  6.08595
  rotation_flat                12  15.4355  12.3599  14.3835  18.5232  21.9395
  rotation_vertical             7   6.6208   5.9002  6.47207  7.41156  7.60119
  shadow                       15  15.0349  7.89715  14.1313   22.418  24.9352
  front_close                 201  6.19076   5.7302  6.13554  6.68085  11.2896
  front_far                   201  6.07873  5.67993  6.04247  6.64725   7.0363
  set01                       959  4.99611  4.26607  5.06382  5.61809  7.26906

ChessboardXCorner
                              N       Mean      P05      P50      P95      MAX
  distance_angle                6  28.5306  16.3163  18.2663  28.6117  64.1209
  distance_straight             8  15.3194   13.776  15.7445  16.1943  16.7623
  distant                       7  22.6601  19.7495  21.2565  25.1374  26.7899
  motion_blur                  13  7.71678  7.37304  7.65458  8.32935  8.46008
  rotation_flat                12  20.2192  18.4155  20.2029     21.6  22.6263
  rotation_vertical             7   13.813  13.4059  13.6977  14.0788  14.4049
  shadow                       15  19.0244   10.923   19.283  27.7628  29.1309
  front_close                 201  9.08763  8.67732   9.0064  9.55269  15.3312
  front_far                   201  9.81362   9.5215  9.75603  10.2692  10.8624
  set01                       959  8.22209  7.68376  8.11272  8.94272  13.9578

SquareGrid
                              N       Mean      P05      P50      P95      MAX
  distance_angle                6    6.349  4.32564  5.10244  7.36256  10.4853
  distance_straight             7   4.0064  3.18613  3.86493   4.3789  5.02916
  distant                       7  9.04219  5.87766  8.69927  10.8427  12.8003
  motion_blur                   8  1.97542  1.70556  1.98148   2.0739  2.17521
  rotation                      7  3.47501  3.26084  3.42711  3.59348  3.79346
  front_close                 200  3.40905  3.08908   3.3939  3.76519  4.17624
  front_far                   200  4.69248  3.90704  4.70595  5.52941  6.18406
  set0                        368  1.83109  1.60737  1.82183  2.07899  3.10817

CircleHexagonal
                              N       Mean      P05      P50      P95      MAX
  distance_angle               11  10.7722  8.68095  9.84774  11.0615  21.2134
  distance_straight            12  7.76276  5.99449  7.96393  8.66075  8.88986
  motion_blur                  13  3.12259  1.93559  3.32248  3.51024  3.70627
  rotation                      9  6.85093  6.08246  6.89624  7.29675  7.56575
  angled_5x6                   52  7.42925  6.82723  7.40672  8.27812  8.63075
  front_close_24x28            45  34.0236  32.2088  33.8895   36.129  37.4167
  front_close_5x6              47  3.68247  3.48293  3.65864  3.95838  3.99071
  front_far_5x6                55  6.39595  5.76134   6.3963  6.98143  7.11992
  24x28_hard                   14  22.7789  6.45146   22.756   27.661  32.7275
  24x28_set0                   59  26.3514  25.7614  26.3032   27.289  27.3852
  5x6_hard                      2  3.54378  3.27925  3.27925  3.27925  3.80832
  5x6_set0                     68   5.6338  3.99812  5.04103  8.76193  9.53336

CircleRegular
                              N       Mean      P05      P50      P95      MAX
  distance_angle               12  5.29123  4.06333  5.27534  6.08459  6.12482
  distance_straight            14  5.02792  3.73596  5.13944  5.82924  5.89887
  motion_blur                  12  2.33826  1.70058  2.41193  2.67073  2.75697
  rotation                      9  7.22724  5.17101  7.55681  8.79775  8.94301
  angled                      100  6.72812  6.03505  6.74254  7.35185  7.51936
  front_close                 100  4.34999   4.0633  4.36061  4.60731  4.84687
  front_far                   100  5.36345  4.78231  5.32746  5.94275  6.03342
  set01                       141  5.62396  3.39228  5.74534  6.77951  7.02289
  set02                        16  10.0086  6.15296  8.04323  17.3049  18.2002

Uchiya
                              N       Mean      P05      P50      P95      MAX
  distance                     24  32.0841  12.9101  31.8757  46.8647   73.617
  highres_lots                  8  516.915  440.839  488.805  590.484  654.667
  highres_rotate_z             19  666.325  423.088  620.937  851.058  881.069
  motion_blur                  15  15.5172  2.75426  15.5157  30.3748  38.3017
  rotate_x                     16  28.5949  15.2268  29.6416  33.9721  36.6948
  rotate_z                     19  39.5513  33.5636  36.5465  42.1833  94.8003
  shadow_overlapping           11  36.8053  33.0986  36.9157   38.704  39.3442
  static01                    106  27.0906  25.0655  26.6024  28.9812  46.0859
  static02                    107  31.6256  29.1525  31.5756    33.31  39.4875
  visible01                   211  34.8045  31.0134  34.5156  39.6371  55.6642

Summary:
                              N       Mean      P05      P50      P95      MAX
  BinaryRobust                716  3.26629  1.79911   2.4788   8.1201  57.6207
  BinaryFast                  716  1.34501  .561756  1.15996  2.96659  5.53705
  ImageRobust                1062  4.07902  2.35578  3.11301  6.34282  21.6046
  ImageFast                  1062  2.24904  .655803  1.65917  4.48297  9.07885
  Hamming                     969  17.6813  8.28229  16.2955  19.4527  697.632
  ChessboardBinary           1429  5.62667  4.31188  5.29758  6.67521  28.5859
  ChessboardXCorner          1429  9.00035  7.69395  8.50985  10.2418  64.1209
  SquareGrid                  803  3.06813   1.6427  3.18031  5.14808  12.8003
  CircleHexagonal             387  12.9715  3.53071  7.10148  34.0033  37.4167
  CircleRegular               504  5.60369  4.03151  5.62297  7.30888  18.2002
  Uchiya                      536  61.5884   25.129  32.3404  94.8003  881.069
