# GENERATOR QrCodeRegression
# Elapsed time in milliseconds

default
                              N       Mean      P05      P50      P95      MAX
  blurred                      53  35.0641  1.68131  10.4211   120.07  156.379
  bright_spots                 33  79.5667   1.1091  105.488  125.014  127.634
  brightness                   28  74.3083  2.69803  85.5436   115.86  130.187
  close                        42  56.2323  1.73777  66.5621  107.294  112.145
  curved                       67  30.9198  2.82632  10.8318  106.609  117.041
  damaged                      48  16.0952  3.92811  12.1686  27.3799  79.0689
  glare                        56  23.4029  1.91672  8.73254  79.9226  98.1804
  high_version                 34  26.8228   1.9677   22.775   62.292  73.8712
  lots                          8  199.798  22.8722  220.331  233.718  242.367
  monitor                      25  47.9628  16.9362  45.0595   78.374  94.6186
  nominal                     125  16.8427  2.92688  13.7571  60.8168  93.4374
  noncompliant                 67  10.5964  2.15522  9.69985  17.7777  34.6015
  pathological                 26  1.16558  .671545  .859804  3.52657  3.82731
  perspective                  43    5.996  4.26295  4.49044  12.7311  12.8973
  rotations                    44  20.6412  17.4228  19.9914  24.9144  27.1761
  shadows                      19  27.7491  4.22187  21.3252  89.6033  91.2375

Summary:
                              N       Mean      P05      P50      P95      MAX
  default                     718  29.7069  1.74967  14.6215  109.308  242.367
