# GENERATOR QrCodeRegression
# Elapsed time in milliseconds

default
                              N       Mean      P05      P50      P95      MAX
  blurred                      53  25.2249  1.08851  7.13159  89.9842  106.493
  bright_spots                 33  60.3871  .646006   81.172     94.7  96.4183
  brightness                   28  54.9649  1.76642   63.916  89.7395  92.8926
  close                        42  38.4718   1.0479  47.0489  73.0388  78.2531
  curved                       67  21.4591  1.68504  6.86121  76.1349  85.6332
  damaged                      48  9.80744  2.26258  7.15208  18.2222  53.7672
  glare                        56  15.7054  1.13644    5.098   57.024  74.3269
  high_version                 34  16.2476  1.28175  13.0778  38.3248  48.2408
  lots                          8  134.629  13.9542  149.252  157.122  164.047
  monitor                      25   30.527  10.3048  29.0685  49.5471  64.1118
  nominal                     125  10.9439  1.93971  8.17795  43.3054   69.464
  noncompliant                 67  6.22385  1.37529  5.74818  11.1275  19.6712
  pathological                 26  .642207   .34542  .471698  1.98059  2.15671
  perspective                  43   3.4528  2.52431  2.64924  6.96764  7.18388
  rotations                    44   11.874  9.82742  11.5054   14.616   16.978
  shadows                      19  18.3452   2.5024  12.2086  62.9261  63.7178

Summary:
                              N       Mean      P05      P50      P95      MAX
  default                     718   20.176  1.08968  8.65308  82.2561  164.047
