# GENERATOR FiducialRegression
# Elapsed time in milliseconds

BinaryRobust
                              N       Mean      P05      P50      P95      MAX
  distance_angle               10  16.6275  7.67057  11.8111  16.3118  61.0458
  distance_straight            10  7.59448  5.84314  7.49765  8.46549  8.75354
  motion_blur                   9  8.27777  5.74996  7.73799  9.91728  11.6399
  rotation                     12  8.79055  6.99308  8.38607  10.8549  11.5942
  static_front_close          101   2.7486  2.60448  2.69759  3.24708  3.40554
  static_front_far            100  1.88781  1.75632  1.88024  2.07058   2.1021
  static_scene                101  3.34622  3.19407  3.32645  3.53881  3.94283
  set01                       373  2.11451  1.71392  2.09358  2.54312  3.03794

BinaryFast
                              N       Mean      P05      P50      P95      MAX
  distance_angle               10   1.6465  .879987  1.32476  1.75415  4.49364
  distance_straight            10  1.41128  1.18493  1.31602  1.73697  1.75058
  motion_blur                   9  2.61642  1.81003  2.61055  3.46218  3.75707
  rotation                     12  1.05445  .631339  1.08124  1.34888  1.56793
  static_front_close          101  .411028  .397308  .406615  .426193  .617312
  static_front_far            100   .45117  .428567  .446201  .474323  .631719
  static_scene                101  1.72382   1.6075  1.70066   1.9253  2.13422
  set01                       373  .900749  .540457  .886379  1.32529  1.67663

ImageRobust
                              N       Mean      P05      P50      P95      MAX
  distance_angle                9  6.94518  5.63053  6.36428  8.46877  8.54507
  distance_straight             9  5.96999  4.71384  5.73848  7.48832  8.13503
  hard                         11   11.344  5.31064  10.7355  15.6822  16.3024
  motion_blur                   8  4.32777  2.62248  4.21874  5.15736  5.78232
  rotation                     13  7.63889  4.71821  7.65727  9.01596  9.74091
  static_front_close          193   2.4404  2.36941  2.43106  2.51318  2.99529
  static_front_far            100  2.59693    2.341  2.57586   2.9416  3.11696
  static_scene                308  4.30649  4.04809  4.29981  4.55244  5.01733
  set01                       411  2.56011  1.95151  2.56233  3.19154  3.71432

ImageFast
                              N       Mean      P05      P50      P95      MAX
  distance_angle                9  1.53176   1.1703  1.53018  1.71479  1.89389
  distance_straight             9  1.11306  .804104  .938357  1.39225  1.91144
  hard                         11  4.57286  3.04393  3.81069  6.40452  6.53313
  motion_blur                   8  2.19618  1.93294  2.11579  2.46891  2.57016
  rotation                     13  .902825  .718182  .890857  1.00848  1.16931
  static_front_close          193  .461652  .448925  .460808  .475475  .535027
  static_front_far            100  .774131  .683467  .777544  .861913  1.19175
  static_scene                308  2.66732  2.48884  2.66701  2.84906   3.2867
  set01                       411   1.1956   .83882  1.19622  1.64021  1.93426

Hamming
                              N       Mean      P05      P50      P95      MAX
  distance_angle               16  13.2046  7.63709  10.5038  14.4896  48.2711
  distance_straight            15  10.8314  7.63317  10.2912  13.9534  17.0628
  highres                       5  427.162  306.454  403.477  472.708  584.058
  rotation_y                   17  9.74717  7.59619   9.8132  12.4421  12.5262
  rotation_z                   14    11.88  9.96759  11.3692  12.7449  18.7267
  shadows                      17  6.07053  4.07508  5.75039  8.75058  8.87574
  angle                       277  12.7867  11.3942  12.7718   14.298  15.4253
  front                       273  12.9688  11.5688  12.9648   14.267  15.6861
  set_01                      335    8.928  6.55532  9.17145  11.0353  11.8425

ChessboardBinary
                              N       Mean      P05      P50      P95      MAX
  distance_angle                6  15.8513   6.0059  6.76371  21.8479  47.3558
  distance_straight             8  6.02182  5.10246   5.9142  6.58553  6.85013
  distant                       7  11.9738  8.73181  12.2206  12.8999   16.742
  motion_blur                  13  4.09075  3.23392  4.16924  4.67717  4.72333
  rotation_flat                12  11.8339   9.3954  11.1378  14.4242  16.9848
  rotation_vertical             7  5.17529  4.63352  4.91093   5.8308  6.18367
  shadow                       15  11.3466   5.7267  10.3592  17.1589  18.8353
  front_close                 201  4.47905  4.14603  4.46789  4.84946  5.19824
  front_far                   201  4.43266  4.15931  4.42336  4.77877  5.02947
  set01                       959   3.7262  3.16995  3.77266  4.22233  4.61269

ChessboardXCorner
                              N       Mean      P05      P50      P95      MAX
  distance_angle                6  26.4301   14.364  15.5747  25.6489  70.6741
  distance_straight             8  12.8126  11.4567  13.0047  13.4751  14.0519
  distant                       7  17.8496  14.4592  17.1012   19.301  23.9867
  motion_blur                  13  6.41794  6.17146  6.30682  6.70705    7.459
  rotation_flat                12  15.6668   14.417  15.7644  16.2155  17.4249
  rotation_vertical             7  11.2434  10.8729  11.0721  11.3874  12.2456
  shadow                       15  14.9931  9.07733  15.0382   21.467  21.9894
  front_close                 201  7.34412  7.12991  7.31526  7.57262  8.59935
  front_far                   201  7.82219  7.67484   7.8157  7.97837  8.71729
  set01                       959  6.96274  6.66695  6.90857  7.36391  9.19723

SquareGrid
                              N       Mean      P05      P50      P95      MAX
  distance_angle                6  5.18714  3.60426   4.1097  6.14394  9.48183
  distance_straight             7  3.16268  2.73591   2.9928  3.47101  4.02827
  distant                       7  6.78583  4.38106  6.77868  8.08298  9.17815
  motion_blur                   8  1.61431  1.45788  1.62461  1.70567  1.75642
  rotation                      7  2.79833  2.61522  2.73809  3.02079  3.06187
  front_close                 200   2.6722  2.43988  2.65429  2.95248  3.24086
  front_far                   200   3.6828  3.07678  3.68418  4.26387  4.80125
  set0                        368  1.45825  1.28556  1.44965  1.65888  1.83876

CircleHexagonal
                              N       Mean      P05      P50      P95      MAX
  distance_angle               11  8.82091  6.67749  7.58536  8.65225  21.3801
  distance_straight            12   5.6412   4.9055  5.56431  6.16904  6.37307
  motion_blur                  13  2.23109  1.39388  2.37767  2.60141  2.83075
  rotation                      9  5.29519  4.51107  5.31255  5.72524  5.75496
  angled_5x6                   52   5.7429  5.38772  5.69773   6.0939  6.14899
  front_close_24x28            45  24.9977  23.8893  24.5879   27.545  29.0617
  front_close_5x6              47  2.92505  2.79695  2.92449   3.0339  3.11927
  front_far_5x6                55  5.04462  4.65385  5.03729  5.45518  5.55127
  24x28_hard                   14   17.229  5.15776  17.1091   21.162  24.9577
  24x28_set0                   59  20.2808  19.7445  20.2103  21.1185  21.3191
  5x6_hard                      2  3.05083  2.87954  2.87954  2.87954  3.22212
  5x6_set0                     68  4.62169  3.32277  4.13677  7.35154  7.82085

CircleRegular
                              N       Mean      P05      P50      P95      MAX
  distance_angle               12  4.29259  3.32633  4.33152  4.77857   4.8859
  distance_straight            14  4.04311  3.18382  4.12837   4.5717   4.5872
  motion_blur                  12  1.85326   1.4105  1.86232   2.1696  2.23647
  rotation                      9   5.9842  4.13057   6.2971  7.24006  7.82932
  angled                      100  5.40158  4.88464  5.50159   5.9048  6.62011
  front_close                 100  3.51601  3.28746  3.51289  3.73193  3.92582
  front_far                   100  4.31497   3.8971  4.32582  4.72919   4.8408
  set01                       141   4.5937   2.8087  4.72618  5.48196  5.69336
  set02                        16   7.8335  4.85215   6.2489  13.6407  14.0545

Uchiya
                              N       Mean      P05      P50      P95      MAX
  distance                     24  25.2291  10.5125  24.5429  28.9785  61.6577
  highres_lots                  8  412.349  352.879   386.24  479.744  523.532
  highres_rotate_z             19   621.05  391.665  575.582  807.599  863.312
  motion_blur                  15  13.9022  2.53786  14.2307  25.4183  36.8352
  rotate_x                     16  23.7706  13.0411  24.9522   28.742  29.2981
  rotate_z                     19   33.832  30.9482  33.5929  37.2067  39.2637
  shadow_overlapping           11  29.7401  26.3112  28.3991  34.4245  34.8739
  static01                    106  21.9265  18.5863  20.6838  29.3152  40.1627
  static02                    107  25.5618  23.1727  24.9548  29.1478  50.4436
  visible01                   211  27.4618  23.8208  27.3357  31.2796  53.0264

Summary:
                              N       Mean      P05      P50      P95      MAX
  BinaryRobust                716  2.81463  1.76357  2.19345  6.99308  61.0458
  BinaryFast                  716  .926669  .404712  .851303  1.77073  4.49364
  ImageRobust                1062  3.28083  2.11265  2.70297   4.5875  16.3024
  ImageFast                  1062  1.49044  .455508  1.21262  2.77967  6.53313
  Hamming                     969  13.4345   6.8169  12.0186  14.1375  584.058
  ChessboardBinary           1429  4.19412  3.21123  3.98436   4.8112  47.3558
  ChessboardXCorner          1429  7.47849   6.6737  7.12229  7.97837  70.6741
  SquareGrid                  803  2.41706  1.31565  2.49335  4.02827  9.48183
  CircleHexagonal             387  9.91729  2.83111  5.54623  24.6018  29.0617
  CircleRegular               504  4.52483  3.27827  4.52356  5.79656  14.0545
  Uchiya                      536  52.4567  18.8774  25.8857  61.6577  863.312
