# GENERATOR CalibrationDetectionRegression
# All times are in milliseconds

ChessBinary
                              N       Mean      P05      P50      P95      MAX
  border                       16  46.9244   7.5442  66.9543   72.849  99.2953
  caltech_edges                20   14.245  12.4878  13.9004  16.6586  16.7956
  challenge                    85  15.9206  14.6769  15.7865  17.8903  18.5753
  close                        12  8.10129   7.5205  8.07679  8.56886  9.35041
  deltille_fisheye             58  20.5041  17.6576  20.8851  22.3564  22.5567
  distance_angle                6  6.40615  5.87914  6.21856  6.90483   7.0895
  distance_straight             8  6.55302  5.48646  6.40265  7.40663  7.48856
  distant                       7  9.28515  7.13773   10.205   10.586  11.5956
  focus                        36  6.37185  5.68547   6.3686  6.79737  7.42452
  focus_large                  16  71.6067     69.2  70.1986  77.9501  79.5544
  gaus_fisheye                 12  5.64364  4.80776  5.22087  7.37131  8.58856
  gaus_perfect                 12  4.75667  3.51989  4.80906  5.19855  5.37428
  hard                          1  6.00245  6.00245  6.00245  6.00245  6.00245
  large                         6  83.7241  65.6108  85.6156  90.5029  96.4354
  large_shadow                 23  81.9745  62.0017  64.3785   141.34  156.042
  motion_blur                  38  5.10607  3.79441  5.20189  5.99299  6.31565
  ocam_fisheye190               8  7.97856  7.62181  7.95228  8.23851  8.30993
  ocam_kaidan_omni             17  8.85183  8.04261  8.89576   9.6239  10.0072
  ocam_ladybug                 13  9.45143  8.71176  9.33681   9.8214  10.7313
  ocam_mini_omni               15  9.39139  8.63657  9.42557  9.96741  10.1046
  ocam_omni                    14  12.0136  10.9689  11.7292  12.7525  12.8313
  perfect                       8  3.22061  .416996  .440101   6.0545  6.27476
  ricoh_theta_5                11   15.556  6.22999  19.1292  22.2643  24.0265
  ricoh_theta_v                46  52.1185  25.7517  56.2087  71.2807  78.0151
  rotation_flat                12  10.5945  9.01011  10.5705  12.0921  13.5537
  rotation_vertical             7  5.86447  5.33554  5.77779  6.53231  6.53606
  shadow                       15  10.4285  5.88116  10.4752  14.3495  16.6907
  sloppy13x10                  13  22.4423   19.229  21.5319  25.0052  26.7452
  Sony_DSC-HX5V                13  5.04863  4.47921  4.82627  6.57324  6.75877
  stefano_2012                 30  10.8296  8.69539  10.2269  13.1883  13.6835
  Bumblebee2_Chess             22  5.08486  4.63688  5.06923  5.63621  5.66154

ChessXCorner
                              N       Mean      P05      P50      P95      MAX
  border                       16  154.441  10.2997  84.1755  284.259   293.13
  caltech_edges                20  13.4375    12.42  13.4292  14.1427  14.2541
  challenge                    85  61.7541  54.5396  62.3116  66.1847  68.0379
  close                        12   12.922  12.6374  12.7338  12.9203  14.5296
  deltille_fisheye             58  45.0846  43.3153  44.9411  47.0164  48.0656
  distance_angle                6  13.0337   12.795  12.9887  13.0951  13.3052
  distance_straight             8  12.8079  11.4198  13.1604  13.7863  14.1214
  distant                       7  18.2099  16.7025  18.1481  18.3511  20.9331
  focus                        36  11.6582  10.1169  10.6177  16.5784  16.7199
  focus_large                  16  261.996  250.453  251.699  294.709  311.222
  gaus_fisheye                 12  9.85698  9.58516  9.80076  10.0771  10.0847
  gaus_perfect                 12  2.69545  2.63486  2.66775  2.75321  2.83798
  hard                          1   8.5101   8.5101   8.5101   8.5101   8.5101
  large                         6   280.59  250.455  269.154  294.245  326.336
  large_shadow                 23  341.461  251.537  257.293   564.53  630.231
  motion_blur                  38   7.4386  6.85496  7.42425  8.03037  8.22934
  ocam_fisheye190               8  10.1717  9.56148  10.0711  10.8664  10.8925
  ocam_kaidan_omni             17   9.9202  9.31802  10.0528  10.2179  10.2405
  ocam_ladybug                 13  19.0734  17.5471  18.7859  20.2543  22.4002
  ocam_mini_omni               15  12.8859  12.3916   12.794  13.4161  13.5702
  ocam_omni                    14  35.6864  34.2496  35.4924  37.2219  37.6503
  perfect                       8   4.4988  1.03774  1.11458  7.76739  8.79711
  ricoh_theta_5                11  14.5923  11.7443  15.3381    16.41  17.2123
  ricoh_theta_v                46  112.484  97.1117  114.062  124.123  126.942
  rotation_flat                12   17.998  16.8284  17.9086  18.9014  20.5324
  rotation_vertical             7  12.7729  12.3851  12.6855  13.1214  13.1464
  shadow                       15  17.6856  10.1635  18.0317  25.4077  26.7748
  sloppy13x10                  13  66.0739  61.3322  66.2622  70.5276  71.4909
  Sony_DSC-HX5V                13  6.83963  6.55352  6.71049  7.38272  7.48189
  stefano_2012                 30  11.1417  10.1799  10.7247  12.5737  13.8036
  Bumblebee2_Chess             22  7.14549   6.6935  6.99268  7.68977  8.72357

Square
                              N       Mean      P05      P50      P95      MAX
  distant                       7  12.6641  7.97106  9.35342  11.7952  32.5506
  fisheye                      17  12.5675  3.97433  11.5481  23.6728  24.1833
  large                         5  78.3733  71.2384   76.818  80.4938  89.6081
  Sony_DSC-HX5V                14  2.10359  1.73777  1.92574  2.54895  2.62613
  Bumblebee2_Square            26  2.06987  1.85761  2.06988  2.32358  2.54697

CircleHexagonal
                              N       Mean      P05      P50      P95      MAX
  calib_24x28                   7  40.1546  32.7475  34.5173  36.7186  75.4031
  calib_5x6                     9  3.83525  3.32915  3.94851  4.05347  4.26265
  fisheye_5x6                  19   12.532   3.8562  12.9784  19.4241  22.5188
  large_24x28                   4  66.8547  64.2694  64.6956  65.1631  73.2907

CircleRegular
                              N       Mean      P05      P50      P95      MAX
  distant                       5  6.65122  5.05119  6.58536  6.93945  8.25921
  fisheye                      10  4.45055  1.92097  2.22972  8.36117  11.8554
  large                         7  206.097  48.8516  62.8753   328.15  583.442

Summary:
                              N       Mean      P05      P50      P95      MAX
  ChessBinary                 600  20.4638  4.73554  12.3878  70.1986  156.042
  ChessXCorner                600  57.0487  6.78855  18.1463  254.932  630.231
  Square                       69  11.2671  1.82702  2.41998  71.2384  89.6081
  CircleHexagonal              39  21.0545  3.48964  13.3278  65.1631  75.4031
  CircleRegular                22  69.1108  1.94151  6.58536  310.106  583.442
