# GENERATOR CalibrationDetectionRegression
# All times are in milliseconds

ChessBinary
                              N       Mean      P05      P50      P95      MAX
  border                       16   42.387  5.16864  60.0223  68.4186  102.711
  caltech_edges                20  9.59672  8.48405  9.45092  10.9643  11.0464
  challenge                    85   11.852  10.6335  11.8609  13.5031  13.7981
  close                        12  5.32557  4.91136  5.28398  5.54474  6.38779
  deltille_fisheye             58  15.5583  13.5742  15.6659  16.8791  19.1508
  distance_angle                6  4.58692  4.09359   4.3768  4.86897  5.53389
  distance_straight             8  4.74689  3.95765  4.56156  5.36928  5.87324
  distant                       7  6.49398  4.92265  6.97401  7.31653  8.21003
  focus                        36  4.36561  3.88222   4.3815  4.61661  5.62062
  focus_large                  16  64.9081  60.8777  61.8698    70.08  84.9601
  gaus_fisheye                 12   3.9413  3.30271  3.58878   5.2393  6.17168
  gaus_perfect                 12   2.6493   2.0324  2.75825  2.98699  2.98979
  hard                          1   4.0509   4.0509   4.0509   4.0509   4.0509
  large                         6  70.3808  61.8292   70.062  73.9753  81.0933
  large_shadow                 23   73.538  57.2615  61.6376   113.81  129.698
  motion_blur                  38  3.49938  2.58949  3.60098  4.08726  4.40019
  ocam_fisheye190               8  5.27324  4.96071  5.34391  5.45989  5.49403
  ocam_kaidan_omni             17   6.0781  5.51903  6.02808  6.70144  6.85138
  ocam_ladybug                 13  6.67555  6.18737  6.65529  7.11026  7.41111
  ocam_mini_omni               15  6.50537    6.013   6.4961  6.96899  7.00751
  ocam_omni                    14  8.81353  8.05546  8.87319  9.18199  9.36249
  perfect                       8  1.79557  .185589  .236164  3.35857  3.51386
  ricoh_theta_5                11  11.3253  4.24446   13.991  16.4848  17.6756
  ricoh_theta_v                46  41.3198  22.2888   44.326  54.7903  60.1188
  rotation_flat                12  7.55809  6.19435  7.33641  8.53743  9.77386
  rotation_vertical             7  4.09693  3.70366  4.00003  4.56568  4.72607
  shadow                       15  7.08813  4.02847  6.69274  10.0367  11.2787
  sloppy13x10                  13  16.4369  14.1483  16.3363  18.1389  19.0341
  Sony_DSC-HX5V                13  3.32961  2.92262  3.14035  4.32426  4.50494
  stefano_2012                 30  7.40731   5.9522  7.08964  9.16292  9.46699
  Bumblebee2_Chess             22  3.32348  3.03054  3.27442  3.67833  3.79344

ChessXCorner
                              N       Mean      P05      P50      P95      MAX
  border                       16  132.903  8.37069  85.0522   244.65  274.758
  caltech_edges                20   10.263  9.63687  10.2478  10.5921  11.7162
  challenge                    85  40.7376  35.7575  41.1112  43.7119  45.9112
  close                        12  10.6993  10.3763  10.5759  10.5987   12.537
  deltille_fisheye             58  37.9611  36.6859  37.8777  39.3472   43.128
  distance_angle                6  10.6984  10.4658  10.5882  10.7527  11.2324
  distance_straight             8  10.4697  9.41469  10.6202  11.0787  11.2165
  distant                       7  14.1487  12.9728  14.0479  14.2606  15.7663
  focus                        36  9.35386  8.14895  8.61776  12.8792  12.9191
  focus_large                  16  231.234  220.361  221.155  255.893  292.983
  gaus_fisheye                 12  7.91316  7.31282  7.75177  8.70673  9.17701
  gaus_perfect                 12  2.11527  1.94368  2.03651  2.28571  2.56017
  hard                          1  7.33746  7.33746  7.33746  7.33746  7.33746
  large                         6  242.317  215.591  232.809  248.502  286.021
  large_shadow                 23  286.807  219.566  224.425   444.28  506.371
  motion_blur                  38  6.00377  5.68763  5.96667  6.38328  6.87222
  ocam_fisheye190               8  7.84214  7.30373    7.797  8.22929  8.80818
  ocam_kaidan_omni             17  7.78819  7.33638  7.84155  8.00829  8.41025
  ocam_ladybug                 13  15.3629  14.4019  15.3902  16.1642  16.2877
  ocam_mini_omni               15  9.88953  9.51887  9.78872  10.1453  10.9395
  ocam_omni                    14  28.9164  27.7196   28.533   29.814  32.2018
  perfect                       8  3.17504  .731628  .822349  5.24619  6.71467
  ricoh_theta_5                11  11.0614  9.30369  11.3327  12.4606  12.6751
  ricoh_theta_v                46   91.802  80.2422  92.0781  99.9951  106.594
  rotation_flat                12  14.0113  13.1969   14.021  14.3907  15.7287
  rotation_vertical             7  10.4267  10.0147  10.3054  10.6514   11.298
  shadow                       15  13.5821  8.47938  13.4596   18.913  19.6662
  sloppy13x10                  13  43.0791   38.362  42.4777  45.8747  54.2779
  Sony_DSC-HX5V                13  5.69593  5.50117  5.55419  6.13523   6.2031
  stefano_2012                 30  8.38317  7.70961  8.16462  9.34947  9.96073
  Bumblebee2_Chess             22  5.86239  5.56439   5.7545   6.2428   6.4765

Square
                              N       Mean      P05      P50      P95      MAX
  distant                       7  10.6627  4.25008  5.75187  14.6914  31.8906
  fisheye                      17  8.47605  2.77068  7.90785  16.0605  16.4211
  large                         5  59.2829  53.8697  58.2961  61.7965  68.2434
  Sony_DSC-HX5V                14  1.51195  1.24818  1.39697  1.83364  1.92762
  Bumblebee2_Square            26  1.48267  1.30806  1.46766  1.64935  1.82058

CircleHexagonal
                              N       Mean      P05      P50      P95      MAX
  calib_24x28                   7  31.3398  25.7193  26.0878  28.3865     59.6
  calib_5x6                     9  2.87985   2.3466  2.93009  3.11497  3.19503
  fisheye_5x6                  19  9.35988  2.97301  9.15385  15.4344  16.7771
  large_24x28                   4  52.9904  49.9947  51.3541  52.3994  58.2134

CircleRegular
                              N       Mean      P05      P50      P95      MAX
  distant                       5  5.19271  3.88582  5.31945  5.56166  6.24731
  fisheye                      10  3.46141  1.49954  1.77105  6.44963  9.09162
  large                         7  167.042  42.1284  50.8577  271.557  471.817

Summary:
                              N       Mean      P05      P50      P95      MAX
  ChessBinary                 600   16.252  3.03054  8.74604  61.7651  129.698
  ChessXCorner                600  45.9862  5.57417  14.1559   223.12  506.371
  Square                       69  8.33135  1.30806  1.71958  53.8697  68.2434
  CircleHexagonal              39  16.2845  2.61427  9.81504  52.3994     59.6
  CircleRegular                22  55.9033  1.53858  5.31945  242.904  471.817
